Table Name,State Code,Distt. Code,Tehsil Code,Town Code,Area Name,Total/ Rural/ Urban,Total - Persons,Total - Males,Total - Females,Religious communities - Hindu - Persons,Religious communities - Hindu - Males,Religious communities - Hindu - Females,Religious communities - Muslim - Persons,Religious communities - Muslim - Males,Religious communities - Muslim - Females,Religious communities - Christian - Persons,Religious communities - Christian - Males,Religious communities - Christian - Females,Religious communities - Sikh - Persons,Religious communities - Sikh - Males,Religious communities - Sikh - Females,Religious communities - Buddhist - Persons,Religious communities - Buddhist - Males,Religious communities - Buddhist - Females,Religious communities - Jain - Persons,Religious communities - Jain - Males,Religious communities - Jain - Females,Religious communities - Other religions and persuasions (incl.Unclassified Sect.) - Persons,Religious communities - Other religions and persuasions (incl.Unclassified Sect.) - Males,Religious communities - Other religions and persuasions (incl.Unclassified Sect.) - Females,Religious communities - Religion not stated - Persons,Religious communities - Religion not stated - Males,Religious communities - Religion not stated - Females
C0101,33,000,00000,000000,State - TAMIL NADU,Total,72147030,36137975,36009055,63188168,31715046,31473122,4229479,2099182,2130297,4418331,2171413,2246918,14601,8088,6513,11186,5976,5210,89265,45605,43660,7414,3781,3633,188586,88884,99702
C0101,33,000,00000,000000,State - TAMIL NADU,Rural,37229590,18679065,18550525,34548262,17358731,17189531,993822,486373,507449,1598616,790114,808502,4149,2256,1893,3285,1716,1569,10084,5044,5040,2587,1227,1360,68785,33604,35181
C0101,33,000,00000,000000,State - TAMIL NADU,Urban,34917440,17458910,17458530,28639906,14356315,14283591,3235657,1612809,1622848,2819715,1381299,1438416,10452,5832,4620,7901,4260,3641,79181,40561,38620,4827,2554,2273,119801,55280,64521
C0101,33,602,00000,000000,District - Thiruvallur,Total,3728104,1876062,1852042,3325823,1675682,1650141,143093,72336,70757,233633,116016,117617,1422,789,633,951,512,439,3693,1935,1758,530,257,273,18959,8535,10424
C0101,33,602,00000,000000,District - Thiruvallur,Rural,1299709,650462,649247,1225502,613318,612184,26388,13315,13073,43410,21617,21793,206,118,88,145,72,73,181,93,88,62,29,33,3815,1900,1915
C0101,33,602,00000,000000,District - Thiruvallur,Urban,2428395,1225600,1202795,2100321,1062364,1037957,116705,59021,57684,190223,94399,95824,1216,671,545,806,440,366,3512,1842,1670,468,228,240,15144,6635,8509
C0101,33,602,00000,803325,Tiruverkadu (M + OG) ,Urban,64698,32695,32003,60279,30508,29771,880,462,418,3225,1596,1629,23,13,10,31,21,10,24,13,11,22,11,11,214,71,143
C0101,33,602,05693,000000,Sub-District - Gummidipoondi,Total,190541,95799,94742,178594,89802,88792,5374,2674,2700,6072,3092,2980,52,30,22,4,2,2,49,25,24,6,2,4,390,172,218
C0101,33,602,05693,000000,Sub-District - Gummidipoondi,Rural,159356,80046,79310,151401,76063,75338,3598,1792,1806,3934,1997,1937,30,19,11,3,2,1,21,12,9,0,0,0,369,161,208
C0101,33,602,05693,000000,Sub-District - Gummidipoondi,Urban,31185,15753,15432,27193,13739,13454,1776,882,894,2138,1095,1043,22,11,11,1,0,1,28,13,15,6,2,4,21,11,10
C0101,33,602,05693,628628,Madaharpakkam (CT),Urban,4250,2082,2168,3841,1878,1963,236,118,118,173,86,87,0,0,0,0,0,0,0,0,0,0,0,0,0,0,0
C0101,33,602,05693,628629,Peddikuppam (CT),Urban,8044,4081,3963,6750,3411,3339,39,18,21,1238,644,594,3,1,2,0,0,0,0,0,0,6,2,4,8,5,3
C0101,33,602,05693,803314,Gummidipoondi (TP),Urban,18891,9590,9301,16602,8450,8152,1501,746,755,727,365,362,19,10,9,1,0,1,28,13,15,0,0,0,13,6,7
C0101,33,602,05694,000000,Sub-District - Ponneri,Total,389862,195181,194681,356811,178633,178178,16494,8349,8145,14592,7259,7333,77,39,38,51,32,19,209,101,108,20,12,8,1608,756,852
C0101,33,602,05694,000000,Sub-District - Ponneri,Rural,243676,121799,121877,228035,113916,114119,7580,3866,3714,7215,3591,3624,39,24,15,26,15,11,67,32,35,10,5,5,704,350,354
C0101,33,602,05694,000000,Sub-District - Ponneri,Urban,146186,73382,72804,128776,64717,64059,8914,4483,4431,7377,3668,3709,38,15,23,25,17,8,142,69,73,10,7,3,904,406,498
C0101,33,602,05694,628769,Athipattu (CT),Urban,11034,5623,5411,9522,4846,4676,948,498,450,495,249,246,3,0,3,4,3,1,0,0,0,1,1,0,61,26,35
C0101,33,602,05694,628770,Nallur (CT),Urban,19595,9843,9752,17048,8581,8467,1182,585,597,1243,629,614,2,1,1,0,0,0,1,1,0,1,1,0,118,45,73
C0101,33,602,05694,628771,Alamathi (CT),Urban,7424,3790,3634,6675,3415,3260,288,142,146,418,219,199,1,1,0,0,0,0,0,0,0,0,0,0,42,13,29
C0101,33,602,05694,628772,Padianallur (CT),Urban,23819,12043,11776,20721,10466,10255,1477,753,724,1484,754,730,12,4,8,3,2,1,13,6,7,3,2,1,106,56,50
C0101,33,602,05694,628773,Edayanchavadi (CT),Urban,12119,6042,6077,10728,5360,5368,406,201,205,917,445,472,11,5,6,1,1,0,11,7,4,0,0,0,45,23,22
C0101,33,602,05694,803315,Ponneri (TP),Urban,31025,15481,15544,27554,13759,13795,1912,961,951,1314,649,665,3,1,2,16,10,6,1,0,1,1,0,1,224,101,123
C0101,33,602,05694,803316,Arani (TP),Urban,12833,6392,6441,12035,6012,6023,553,264,289,210,101,109,0,0,0,0,0,0,0,0,0,1,0,1,34,15,19
C0101,33,602,05694,803317,Minjur (TP),Urban,28337,14168,14169,24493,12278,12215,2148,1079,1069,1296,622,674,6,3,3,1,1,0,116,55,61,3,3,0,274,127,147
C0101,33,602,05695,000000,Sub-District - Uthukkottai,Total,152631,75475,77156,146279,72402,73877,3080,1510,1570,2997,1439,1558,17,10,7,17,7,10,68,33,35,6,3,3,167,71,96
C0101,33,602,05695,000000,Sub-District - Uthukkottai,Rural,139891,69215,70676,135190,66937,68253,2013,986,1027,2451,1188,1263,13,6,7,17,7,10,36,18,18,6,3,3,165,70,95
C0101,33,602,05695,000000,Sub-District - Uthukkottai,Urban,12740,6260,6480,11089,5465,5624,1067,524,543,546,251,295,4,4,0,0,0,0,32,15,17,0,0,0,2,1,1
C0101,33,602,05695,803318,Uthukkottai (TP),Urban,12740,6260,6480,11089,5465,5624,1067,524,543,546,251,295,4,4,0,0,0,0,32,15,17,0,0,0,2,1,1
C0101,33,602,05696,000000,Sub-District - Tiruttani,Total,211291,105568,105723,198905,99266,99639,8659,4414,4245,3200,1635,1565,28,15,13,41,19,22,47,25,22,20,9,11,391,185,206
C0101,33,602,05696,000000,Sub-District - Tiruttani,Rural,166510,83215,83295,157774,78732,79042,5814,2972,2842,2480,1302,1178,21,11,10,21,10,11,18,9,9,18,9,9,364,170,194
C0101,33,602,05696,000000,Sub-District - Tiruttani,Urban,44781,22353,22428,41131,20534,20597,2845,1442,1403,720,333,387,7,4,3,20,9,11,29,16,13,2,0,2,27,15,12
C0101,33,602,05696,803319,Tiruttani (M),Urban,44781,22353,22428,41131,20534,20597,2845,1442,1403,720,333,387,7,4,3,20,9,11,29,16,13,2,0,2,27,15,12
C0101,33,602,05697,000000,Sub-District - Pallipattu,Total,214073,107698,106375,207218,104332,102886,3509,1728,1781,2896,1414,1482,30,15,15,9,5,4,14,10,4,7,6,1,390,188,202
C0101,33,602,05697,000000,Sub-District - Pallipattu,Rural,151910,76251,75659,147039,73856,73183,2030,1002,1028,2544,1242,1302,24,12,12,9,5,4,2,2,0,5,4,1,257,128,129
C0101,33,602,05697,000000,Sub-District - Pallipattu,Urban,62163,31447,30716,60179,30476,29703,1479,726,753,352,172,180,6,3,3,0,0,0,12,8,4,2,2,0,133,60,73
C0101,33,602,05697,628977,Kodivalasa (CT),Urban,9024,4532,4492,8814,4432,4382,130,64,66,65,29,36,0,0,0,0,0,0,1,0,1,2,2,0,12,5,7
C0101,33,602,05697,628978,Vanganur (CT),Urban,6584,3349,3235,6504,3313,3191,46,22,24,30,13,17,2,0,2,0,0,0,0,0,0,0,0,0,2,1,1
C0101,33,602,05697,628979,Ammavarikuppam (CT),Urban,10750,5499,5251,10588,5414,5174,156,81,75,6,4,2,0,0,0,0,0,0,0,0,0,0,0,0,0,0,0
C0101,33,602,05697,628980,Srikalikapuram (CT),Urban,5044,2597,2447,5026,2586,2440,0,0,0,11,6,5,0,0,0,0,0,0,0,0,0,0,0,0,7,5,2
C0101,33,602,05697,803320,Pallipattu (TP),Urban,8721,4308,4413,7646,3790,3856,816,390,426,201,100,101,1,1,0,0,0,0,11,8,3,0,0,0,46,19,27
C0101,33,602,05697,803321,Pothatturpettai (TP),Urban,22040,11162,10878,21601,10941,10660,331,169,162,39,20,19,3,2,1,0,0,0,0,0,0,0,0,0,66,30,36
C0101,33,602,05698,000000,Sub-District - Thiruvallur,Total,407048,203911,203137,370047,185672,184375,9162,4619,4543,25037,12337,12700,64,32,32,97,44,53,411,220,191,15,4,11,2215,983,1232
C0101,33,602,05698,000000,Sub-District - Thiruvallur,Rural,289759,144915,144844,266024,133191,132833,3582,1789,1793,18691,9282,9409,48,24,24,52,22,30,20,11,9,7,0,7,1335,596,739
C0101,33,602,05698,000000,Sub-District - Thiruvallur,Urban,117289,58996,58293,104023,52481,51542,5580,2830,2750,6346,3055,3291,16,8,8,45,22,23,391,209,182,8,4,4,880,387,493
C0101,33,602,05698,629119,Kakkalur (CT),Urban,14528,7290,7238,13310,6711,6599,171,81,90,966,462,504,1,1,0,2,1,1,1,0,1,4,2,2,73,32,41
C0101,33,602,05698,629120,Thozhur (CT),Urban,5698,2824,2874,5390,2678,2712,37,20,17,203,97,106,1,1,0,0,0,0,0,0,0,0,0,0,67,28,39
C0101,33,602,05698,629121,Vengathur (CT),Urban,23292,11873,11419,21286,10865,10421,823,418,405,1044,514,530,1,1,0,2,1,1,52,27,25,0,0,0,84,47,37
C0101,33,602,05698,629122,Kadambathur (CT),Urban,11235,5667,5568,10258,5191,5067,348,176,172,522,245,277,1,0,1,18,9,9,62,33,29,4,2,2,22,11,11
C0101,33,602,05698,629123,Perambakkam (CT),Urban,6462,3297,3165,5303,2704,2599,906,458,448,153,76,77,1,1,0,12,7,5,80,48,32,0,0,0,7,3,4
C0101,33,602,05698,803322,Thiruvallur (M),Urban,56074,28045,28029,48476,24332,24144,3295,1677,1618,3458,1661,1797,11,4,7,11,4,7,196,101,95,0,0,0,627,266,361
C0101,33,602,05699,000000,Sub-District - Poonamallee,Total,659922,333307,326615,571173,288999,282174,28744,14600,14144,56282,27985,28297,326,190,136,181,104,77,574,291,283,168,75,93,2474,1063,1411
C0101,33,602,05699,000000,Sub-District - Poonamallee,Rural,65162,32684,32478,61919,31081,30838,352,174,178,2762,1361,1401,8,6,2,9,6,3,15,7,8,11,6,5,86,43,43
C0101,33,602,05699,000000,Sub-District - Poonamallee,Urban,594760,300623,294137,509254,257918,251336,28392,14426,13966,53520,26624,26896,318,184,134,172,98,74,559,284,275,157,69,88,2388,1020,1368
C0101,33,602,05699,629152,Nadukuthagai (CT),Urban,9251,4603,4648,8283,4130,4153,330,161,169,623,307,316,0,0,0,0,0,0,6,1,5,1,0,1,8,4,4
C0101,33,602,05699,629153,Nemilicheri (CT),Urban,5743,2933,2810,4764,2454,2310,71,32,39,887,439,448,1,1,0,1,0,1,0,0,0,1,0,1,18,7,11
C0101,33,602,05699,629154,Kannapalayam (CT),Urban,4704,2354,2350,4472,2244,2228,38,17,21,182,89,93,0,0,0,0,0,0,0,0,0,0,0,0,12,4,8
C0101,33,602,05699,629155,Senneerkuppam (CT),Urban,16237,8229,8008,14464,7339,7125,838,444,394,905,429,476,0,0,0,0,0,0,13,8,5,8,3,5,9,6,3
C0101,33,602,05699,629156,Nazarathpettai (CT),Urban,8660,4343,4317,8096,4058,4038,140,64,76,389,208,181,0,0,0,7,2,5,8,3,5,0,0,0,20,8,12
C0101,33,602,05699,629157,Kattupakkam (CT),Urban,23910,12134,11776,21498,10919,10579,546,273,273,1829,926,903,9,4,5,0,0,0,3,2,1,1,1,0,24,9,15
C0101,33,602,05699,803323,Avadi (M),Urban,345996,175658,170338,291446,148202,143244,15779,8158,7621,36990,18416,18574,253,144,109,117,66,51,271,141,130,119,52,67,1021,479,542
C0101,33,602,05699,803324,Thirunindravur (TP),Urban,37095,18400,18695,33057,16396,16661,1220,622,598,2618,1298,1320,6,4,2,2,1,1,16,6,10,1,1,0,175,72,103
C0101,33,602,05699,803325,Tiruverkadu (M + OG) (Part),Urban,62824,31779,31045,58518,29646,28872,863,455,408,3129,1549,1580,23,13,10,31,21,10,24,13,11,22,11,11,214,71,143
C0101,33,602,05699,803326,Thirumazhisai (TP),Urban,19733,9884,9849,18669,9354,9315,483,238,245,498,247,251,11,8,3,1,0,1,41,20,21,0,0,0,30,17,13
C0101,33,602,05699,803327,Poonamallee (M + OG),Urban,60607,30306,30301,45987,23176,22811,8084,3962,4122,5470,2716,2754,15,10,5,13,8,5,177,90,87,4,1,3,857,343,514
C0101,33,602,05700,000000,Sub-District - Ambattur,Total,906580,457820,448760,795204,402352,392852,32211,16349,15862,69196,34400,34796,459,249,210,299,166,133,1153,617,536,144,67,77,7914,3620,4294
C0101,33,602,05700,000000,Sub-District - Ambattur,Rural,54085,27585,26500,50426,25629,24797,921,481,440,2269,1121,1148,17,12,5,2,2,0,1,1,0,1,0,1,448,339,109
C0101,33,602,05700,000000,Sub-District - Ambattur,Urban,852495,430235,422260,744778,376723,368055,31290,15868,15422,66927,33279,33648,442,237,205,297,164,133,1152,616,536,143,67,76,7466,3281,4185
C0101,33,602,05700,629171,Ayappakkam (CT),Urban,29511,15117,14394,25263,12964,12299,1096,571,525,2470,1276,1194,9,5,4,25,16,9,51,30,21,12,5,7,585,250,335
C0101,33,602,05700,629172,Nolambur (CT),Urban,21973,11181,10792,19081,9735,9346,900,456,444,1860,934,926,23,12,11,14,7,7,12,7,5,2,1,1,81,29,52
C0101,33,602,05700,629173,Nerkunram (CT),Urban,59790,30550,29240,53843,27578,26265,1774,899,875,3718,1885,1833,13,8,5,13,3,10,7,3,4,11,3,8,411,171,240
C0101,33,602,05700,629174,Vanagaram (CT),Urban,19208,9796,9412,17497,8898,8599,631,318,313,941,502,439,3,1,2,9,6,3,14,10,4,5,4,1,108,57,51
C0101,33,602,05700,629175,Karambakkam (CT),Urban,21376,10759,10617,18831,9434,9397,1400,742,658,1006,504,502,4,2,2,14,10,4,48,29,19,1,0,1,72,38,34
C0101,33,602,05700,629176,Ramapuram (CT),Urban,52295,26651,25644,45863,23502,22361,1539,801,738,3293,1670,1623,66,38,28,13,7,6,27,15,12,8,6,2,1486,612,874
C0101,33,602,05700,803325,Tiruverkadu (M + OG) (Part),Urban,1874,916,958,1761,862,899,17,7,10,96,47,49,0,0,0,0,0,0,0,0,0,0,0,0,0,0,0
C0101,33,602,05700,803328,Ambattur (M),Urban,466205,234923,231282,403430,203751,199679,17152,8641,8511,41731,20631,21100,232,127,105,169,92,77,784,406,378,63,27,36,2644,1248,1396
C0101,33,602,05700,803329,Maduravoyal (M),Urban,86195,43253,42942,77120,38736,38384,3546,1789,1757,5115,2535,2580,40,21,19,17,9,8,58,36,22,8,4,4,291,123,168
C0101,33,602,05700,803330,Valasaravakkam (M),Urban,47378,23639,23739,42695,21315,21380,1620,815,805,2741,1351,1390,25,11,14,7,4,3,80,43,37,0,0,0,210,100,110
C0101,33,602,05700,803331,Porur (TP),Urban,46690,23450,23240,39394,19948,19446,1615,829,786,3956,1944,2012,27,12,15,16,10,6,71,37,34,33,17,16,1578,653,925
C0101,33,602,05701,000000,Sub-District - Mathavaram,Total,596156,301303,294853,501592,254224,247368,35860,18093,17767,53361,26455,26906,369,209,160,252,133,119,1168,613,555,144,79,65,3410,1497,1913
C0101,33,602,05701,000000,Sub-District - Mathavaram,Rural,29360,14752,14608,27694,13913,13781,498,253,245,1064,533,531,6,4,2,6,3,3,1,1,0,4,2,2,87,43,44
C0101,33,602,05701,000000,Sub-District - Mathavaram,Urban,566796,286551,280245,473898,240311,233587,35362,17840,17522,52297,25922,26375,363,205,158,246,130,116,1167,612,555,140,77,63,3323,1454,1869
C0101,33,602,05701,629195,Theerthagiriyampattu (CT),Urban,5412,2722,2690,4960,2484,2476,61,32,29,379,203,176,0,0,0,1,0,1,0,0,0,0,0,0,11,3,8
C0101,33,602,05701,629196,Mathur (CT),Urban,27674,14081,13593,23413,11903,11510,1674,871,803,2414,1222,1192,47,21,26,5,3,2,26,15,11,15,7,8,80,39,41
C0101,33,602,05701,629197,Kadhirvedu (CT),Urban,7580,3836,3744,6278,3194,3084,290,144,146,995,491,504,4,3,1,7,2,5,4,2,2,0,0,0,2,0,2
C0101,33,602,05701,629198,Soorapattu (CT),Urban,10444,5495,4949,9246,4874,4372,284,165,119,867,434,433,3,3,0,1,0,1,3,1,2,9,4,5,31,14,17
C0101,33,602,05701,629199,Puthagaram (CT),Urban,10263,5234,5029,8979,4621,4358,180,92,88,551,289,262,8,5,3,1,1,0,38,25,13,3,2,1,503,199,304
C0101,33,602,05701,803332,Kattivakkam (M),Urban,36617,18466,18151,30042,15248,14794,3244,1618,1626,3123,1563,1560,21,11,10,3,1,2,6,3,3,9,5,4,169,17,152
C0101,33,602,05701,803333,Tiruvottiyur (M),Urban,249446,125300,124146,208783,105062,103721,17287,8689,8598,21344,10494,10850,172,96,76,99,57,42,368,203,165,85,51,34,1308,648,660
C0101,33,602,05701,803334,Manali (M),Urban,35248,17911,17337,31027,15788,15239,1277,647,630,2835,1423,1412,6,4,2,4,3,1,66,32,34,0,0,0,33,14,19
C0101,33,602,05701,803335,Naravarikuppam (TP),Urban,20946,10444,10502,16256,8141,8115,3501,1714,1787,928,459,469,10,7,3,77,40,37,92,50,42,1,1,0,81,32,49
C0101,33,602,05701,803336,Puzhal (TP),Urban,31665,16810,14855,25299,13571,11728,2238,1217,1021,3213,1602,1611,29,15,14,6,3,3,330,164,166,8,3,5,542,235,307
C0101,33,602,05701,803337,Madavaram (M),Urban,119105,59887,59218,98530,49742,48788,4865,2411,2454,14859,7332,7527,62,39,23,42,20,22,187,93,94,10,4,6,550,246,304
C0101,33,602,05701,803338,Chinnasekkadu (TP),Urban,12396,6365,6031,11085,5683,5402,461,240,221,789,410,379,1,1,0,0,0,0,47,24,23,0,0,0,13,7,6
C0101,33,603,00000,000000,District - Chennai,Total,4646732,2335844,2310888,3751322,1887443,1863879,439270,223194,216076,358662,176419,182243,2851,1562,1289,2804,1573,1231,51708,26519,25189,1759,978,781,38356,18156,20200
C0101,33,603,00000,000000,District - Chennai,Rural,0,0,0,0,0,0,0,0,0,0,0,0,0,0,0,0,0,0,0,0,0,0,0,0,0,0,0
C0101,33,603,00000,000000,District - Chennai,Urban,4646732,2335844,2310888,3751322,1887443,1863879,439270,223194,216076,358662,176419,182243,2851,1562,1289,2804,1573,1231,51708,26519,25189,1759,978,781,38356,18156,20200
C0101,33,603,99999,000000,Area not under any Sub-district,Total,4646732,2335844,2310888,3751322,1887443,1863879,439270,223194,216076,358662,176419,182243,2851,1562,1289,2804,1573,1231,51708,26519,25189,1759,978,781,38356,18156,20200
C0101,33,603,99999,000000,Area not under any Sub-district,Rural,0,0,0,0,0,0,0,0,0,0,0,0,0,0,0,0,0,0,0,0,0,0,0,0,0,0,0
C0101,33,603,99999,000000,Area not under any Sub-district,Urban,4646732,2335844,2310888,3751322,1887443,1863879,439270,223194,216076,358662,176419,182243,2851,1562,1289,2804,1573,1231,51708,26519,25189,1759,978,781,38356,18156,20200
C0101,33,603,99999,803339,Chennai (M Corp.),Urban,4646732,2335844,2310888,3751322,1887443,1863879,439270,223194,216076,358662,176419,182243,2851,1562,1289,2804,1573,1231,51708,26519,25189,1759,978,781,38356,18156,20200
C0101,33,604,00000,000000,District - Kancheepuram,Total,3998252,2012958,1985294,3537399,1784046,1753353,173785,88022,85763,256762,126855,129907,1620,934,686,990,527,463,4962,2540,2422,756,394,362,21978,9640,12338
C0101,33,604,00000,000000,District - Kancheepuram,Rural,1459916,734979,724937,1362994,686888,676106,26708,13619,13089,62762,31012,31750,282,161,121,178,91,87,315,176,139,201,110,91,6476,2922,3554
C0101,33,604,00000,000000,District - Kancheepuram,Urban,2538336,1277979,1260357,2174405,1097158,1077247,147077,74403,72674,194000,95843,98157,1338,773,565,812,436,376,4647,2364,2283,555,284,271,15502,6718,8784
C0101,33,604,00000,803352,Meenambakkam (TP + OG),Urban,24334,12361,11973,21782,11067,10715,614,323,291,1824,920,904,29,17,12,9,2,7,2,1,1,0,0,0,74,31,43
C0101,33,604,00000,803356,Pallavaram (M + OG),Urban,233984,117405,116579,197123,99359,97764,14904,7483,7421,19650,9621,10029,99,52,47,60,31,29,316,153,163,30,11,19,1802,695,1107
C0101,33,604,05702,000000,Sub-District - Sriperumbudur,Total,510836,258881,251955,452259,229620,222639,24763,12660,12103,29975,14840,15135,117,65,52,136,68,68,345,190,155,74,38,36,3167,1400,1767
C0101,33,604,05702,000000,Sub-District - Sriperumbudur,Rural,220796,112103,108693,200823,102057,98766,6081,3291,2790,12068,5965,6103,31,19,12,36,19,17,62,40,22,19,12,7,1676,700,976
C0101,33,604,05702,000000,Sub-District - Sriperumbudur,Urban,290040,146778,143262,251436,127563,123873,18682,9369,9313,17907,8875,9032,86,46,40,100,49,51,283,150,133,55,26,29,1491,700,791
C0101,33,604,05702,629345,Ayyappanthangal (CT),Urban,23808,11950,11858,21366,10743,10623,686,349,337,1690,824,866,3,2,1,3,1,2,27,16,11,16,6,10,17,9,8
C0101,33,604,05702,629346,Mevalurkuppam (CT),Urban,3805,1894,1911,3505,1783,1722,40,23,17,236,70,166,1,0,1,2,2,0,0,0,0,0,0,0,21,16,5
C0101,33,604,05702,629347,Paraniputhur (CT),Urban,15225,7685,7540,13074,6610,6464,1025,500,525,1045,528,517,6,2,4,30,15,15,6,4,2,0,0,0,39,26,13
C0101,33,604,05702,629348,Mugalivakkam (CT),Urban,25117,12768,12349,21950,11163,10787,651,332,319,2320,1171,1149,5,2,3,7,3,4,28,16,12,0,0,0,156,81,75
C0101,33,604,05702,629349,Sikkarayapuram (CT),Urban,10187,5354,4833,9685,5096,4589,177,93,84,304,155,149,8,4,4,1,0,1,2,1,1,1,1,0,9,4,5
C0101,33,604,05702,629350,Kovur (CT),Urban,10961,5557,5404,9899,5018,4881,477,246,231,543,272,271,9,7,2,4,1,3,8,4,4,6,3,3,15,6,9
C0101,33,604,05702,629351,Gerugambakkam (CT),Urban,11551,5949,5602,10161,5282,4879,250,127,123,974,476,498,0,0,0,0,0,0,5,2,3,0,0,0,161,62,99
C0101,33,604,05702,629352,Manapakkam (CT),Urban,13344,6715,6629,11266,5672,5594,268,143,125,1574,792,782,10,5,5,4,2,2,11,6,5,13,5,8,198,90,108
C0101,33,604,05702,629353,Sirukalathur (CT),Urban,6117,3201,2916,5769,3030,2739,70,38,32,238,108,130,1,0,1,0,0,0,2,2,0,0,0,0,37,23,14
C0101,33,604,05702,629354,Molachur (CT),Urban,8887,4641,4246,6125,3238,2887,1270,658,612,1485,743,742,0,0,0,0,0,0,0,0,0,0,0,0,7,2,5
C0101,33,604,05702,629355,Padappai (CT),Urban,14063,7100,6963,12320,6246,6074,791,396,395,918,442,476,1,0,1,5,4,1,5,3,2,3,3,0,20,6,14
C0101,33,604,05702,629356,Madambakkam (CT),Urban,11673,5863,5810,10033,5043,4990,981,490,491,567,289,278,5,3,2,2,2,0,7,3,4,0,0,0,78,33,45
C0101,33,604,05702,803340,Mangadu (TP),Urban,38188,19055,19133,28420,14237,14183,8037,3997,4040,1610,772,838,20,10,10,9,4,5,25,12,13,0,0,0,67,23,44
C0101,33,604,05702,803341,Kundrathur (TP + OG),Urban,54986,27562,27424,50192,25205,24987,2287,1123,1164,1960,983,977,4,3,1,1,1,0,66,32,34,16,8,8,460,207,253
C0101,33,604,05702,803342,Sriperumbudur (TP),Urban,24864,12753,12111,22326,11458,10868,1118,567,551,1164,580,584,8,6,2,23,12,11,90,48,42,0,0,0,135,82,53
C0101,33,604,05702,803352,Meenambakkam (TP + OG) (Part),Urban,17264,8731,8533,15345,7739,7606,554,287,267,1279,670,609,5,2,3,9,2,7,1,1,0,0,0,0,71,30,41
C0101,33,604,05703,000000,Sub-District - Tambaram,Total,383718,194083,189635,318807,161696,157111,19850,10227,9623,42165,20750,21415,240,134,106,159,90,69,901,464,437,82,54,28,1514,668,846
C0101,33,604,05703,000000,Sub-District - Tambaram,Rural,27396,13762,13634,23744,11989,11755,921,442,479,2601,1264,1337,10,4,6,2,1,1,4,2,2,26,20,6,88,40,48
C0101,33,604,05703,000000,Sub-District - Tambaram,Urban,356322,180321,176001,295063,149707,145356,18929,9785,9144,39564,19486,20078,230,130,100,157,89,68,897,462,435,56,34,22,1426,628,798
C0101,33,604,05703,803343,Chitlapakkam (TP),Urban,37906,18940,18966,34747,17368,17379,847,429,418,2164,1069,1095,11,8,3,3,2,1,10,6,4,3,1,2,121,57,64
C0101,33,604,05703,803344,Perungalathur (TP),Urban,37342,18794,18548,32715,16505,16210,1339,658,681,2969,1479,1490,3,0,3,8,4,4,38,21,17,5,2,3,265,125,140
C0101,33,604,05703,803345,Tambaram (M),Urban,174787,89060,85727,140542,71908,68634,11426,5950,5476,21408,10505,10903,154,91,63,109,68,41,693,350,343,36,22,14,419,166,253
C0101,33,604,05703,803346,Sembakkam (TP),Urban,45356,22705,22651,35383,17701,17682,3726,1909,1817,5780,2865,2915,20,9,11,22,10,12,70,39,31,10,8,2,345,164,181
C0101,33,604,05703,803347,Peerkankaranai (TP + OG),Urban,29250,14749,14501,24834,12560,12274,720,379,341,3505,1726,1779,19,8,11,7,2,5,63,32,31,1,0,1,101,42,59
C0101,33,604,05703,803348,Madambakkam (TP),Urban,31681,16073,15608,26842,13665,13177,871,460,411,3738,1842,1896,23,14,9,8,3,5,23,14,9,1,1,0,175,74,101
C0101,33,604,05704,000000,Sub-District - Alandur ,Total,642237,322086,320151,527320,265197,262123,44548,22414,22134,64152,31592,32560,516,292,224,187,101,86,1262,625,637,133,66,67,4119,1799,2320
C0101,33,604,05704,000000,Sub-District - Alandur ,Rural,0,0,0,0,0,0,0,0,0,0,0,0,0,0,0,0,0,0,0,0,0,0,0,0,0,0,0
C0101,33,604,05704,000000,Sub-District - Alandur ,Urban,642237,322086,320151,527320,265197,262123,44548,22414,22134,64152,31592,32560,516,292,224,187,101,86,1262,625,637,133,66,67,4119,1799,2320
C0101,33,604,05704,629371,Polichalur (CT),Urban,21906,11054,10852,18205,9206,8999,851,422,429,2262,1169,1093,23,13,10,2,2,0,7,1,6,13,4,9,543,237,306
C0101,33,604,05704,629372,Tirusulam (CT),Urban,14086,7078,7008,12843,6443,6400,236,113,123,992,515,477,1,1,0,1,0,1,0,0,0,0,0,0,13,6,7
C0101,33,604,05704,629373,Moovarasampettai (CT),Urban,9672,4902,4770,8669,4388,4281,417,211,206,556,287,269,9,6,3,0,0,0,0,0,0,5,2,3,16,8,8
C0101,33,604,05704,803349,Nandambakkam (TP),Urban,11239,5561,5678,9702,4817,4885,261,129,132,1235,593,642,18,10,8,1,1,0,4,2,2,0,0,0,18,9,9
C0101,33,604,05704,803350,St.Thomas Mount-cum-Pallavaram (CB),Urban,43795,22108,21687,28437,14607,13830,3238,1638,1600,11078,5336,5742,196,131,65,32,19,13,340,166,174,24,12,12,450,199,251
C0101,33,604,05704,803351,Alandur (M),Urban,164430,82332,82098,138262,69330,68932,11645,5868,5777,13051,6423,6628,106,47,59,72,38,34,407,208,199,52,27,25,835,391,444
C0101,33,604,05704,803352,Meenambakkam (TP + OG) (Part),Urban,7070,3630,3440,6437,3328,3109,60,36,24,545,250,295,24,15,9,0,0,0,1,0,1,0,0,0,3,1,2
C0101,33,604,05704,803353,Anakaputhur (M),Urban,48050,24158,23892,40145,20203,19942,2886,1458,1428,4848,2412,2436,7,2,5,4,3,1,67,33,34,2,0,2,91,47,44
C0101,33,604,05704,803354,Pammal (M),Urban,75870,37971,37899,55504,27794,27710,9882,4963,4919,9701,4870,4831,30,16,14,10,5,5,123,62,61,13,8,5,607,253,354
C0101,33,604,05704,803355,Thiruneermalai (TP),Urban,30702,15367,15335,28120,14064,14056,663,330,333,1625,815,810,11,5,6,6,2,4,14,8,6,4,2,2,259,141,118
C0101,33,604,05704,803356,Pallavaram (M + OG) (Part),Urban,215417,107925,107492,180996,91017,89979,14409,7246,7163,18259,8922,9337,91,46,45,59,31,28,299,145,154,20,11,9,1284,507,777
C0101,33,604,05705,000000,Sub-District - Sholinganallur ,Total,563342,285167,278175,480291,244028,236263,25070,12773,12297,50501,25157,25344,237,137,100,119,67,52,383,208,175,196,99,97,6545,2698,3847
C0101,33,604,05705,000000,Sub-District - Sholinganallur ,Rural,70441,35719,34722,58462,29850,28612,3633,1810,1823,7437,3648,3789,21,13,8,29,14,15,5,1,4,7,4,3,847,379,468
C0101,33,604,05705,000000,Sub-District - Sholinganallur ,Urban,492901,249448,243453,421829,214178,207651,21437,10963,10474,43064,21509,21555,216,124,92,90,53,37,378,207,171,189,95,94,5698,2319,3379
C0101,33,604,05705,629381,Kottivakkam (CT),Urban,20217,10222,9995,17508,8901,8607,653,335,318,1437,723,714,15,7,8,0,0,0,0,0,0,13,8,5,591,248,343
C0101,33,604,05705,629382,Madippakkam (CT),Urban,35752,17968,17784,31599,15956,15643,820,404,416,2576,1316,1260,9,5,4,0,0,0,40,20,20,16,8,8,692,259,433
C0101,33,604,05705,629383,Palavakkam (CT),Urban,26766,13499,13267,20315,10264,10051,3485,1761,1724,2726,1360,1366,9,5,4,6,2,4,6,3,3,6,5,1,213,99,114
C0101,33,604,05705,629384,Neelankarai (CT),Urban,28458,14466,13992,24053,12278,11775,1584,807,777,2673,1311,1362,17,10,7,10,5,5,23,12,11,0,0,0,98,43,55
C0101,33,604,05705,629385,Oggiyamduraipakkam (CT),Urban,76600,38444,38156,66207,33274,32933,2676,1353,1323,6959,3445,3514,21,16,5,24,19,5,129,79,50,10,5,5,574,253,321
C0101,33,604,05705,629386,Koilambakkam (CT),Urban,27374,13935,13439,24258,12416,11842,785,408,377,1641,812,829,21,11,10,6,4,2,27,15,12,15,10,5,621,259,362
C0101,33,604,05705,629387,Medavakkam (CT),Urban,29710,14988,14722,25697,13025,12672,1334,667,667,2577,1253,1324,13,8,5,5,3,2,9,5,4,3,2,1,72,25,47
C0101,33,604,05705,629388,Injambakkam (CT),Urban,21158,10849,10309,16584,8518,8066,1510,782,728,2983,1513,1470,2,2,0,1,1,0,0,0,0,0,0,0,78,33,45
C0101,33,604,05705,629389,Jalladiampet (CT),Urban,19100,9609,9491,16594,8363,8231,1095,543,552,1291,649,642,26,11,15,2,0,2,1,0,1,31,16,15,60,27,33
C0101,33,604,05705,629390,Vengavasal (CT),Urban,13671,6805,6866,10628,5295,5333,490,254,236,2448,1206,1242,2,2,0,5,5,0,13,6,7,2,1,1,83,36,47
C0101,33,604,05705,803356,Pallavaram (M + OG) (Part),Urban,18567,9480,9087,16127,8342,7785,495,237,258,1391,699,692,8,6,2,1,0,1,17,8,9,10,0,10,518,188,330
C0101,33,604,05705,803357,Puzhithivakkam (Ullagaram) (M),Urban,53322,26770,26552,48312,24252,24060,1268,658,610,3527,1766,1761,24,14,10,13,4,9,62,31,31,54,23,31,62,22,40
C0101,33,604,05705,803358,Perungudi (TP),Urban,43111,22028,21083,37649,19297,18352,910,467,443,3920,1978,1942,15,7,8,2,2,0,28,15,13,18,11,7,569,251,318
C0101,33,604,05705,803359,Pallikaranai (TP),Urban,43493,21990,21503,37809,19256,18553,1232,608,624,3734,1836,1898,29,17,12,4,2,2,5,4,1,7,5,2,673,262,411
C0101,33,604,05705,803360,Sholinganallur (TP + OG),Urban,35602,18395,17207,28489,14741,13748,3100,1679,1421,3181,1642,1539,5,3,2,11,6,5,18,9,9,4,1,3,794,314,480
C0101,33,604,05706,000000,Sub-District - Chengalpattu,Total,573406,289210,284196,508443,256897,251546,24540,12473,12067,35046,17309,17737,255,169,86,200,110,90,361,191,170,165,85,80,4396,1976,2420
C0101,33,604,05706,000000,Sub-District - Chengalpattu,Rural,264378,133414,130964,239931,121277,118654,5846,2982,2864,15928,7925,8003,66,40,26,38,24,14,42,25,17,83,43,40,2444,1098,1346
C0101,33,604,05706,000000,Sub-District - Chengalpattu,Urban,309028,155796,153232,268512,135620,132892,18694,9491,9203,19118,9384,9734,189,129,60,162,86,76,319,166,153,82,42,40,1952,878,1074
C0101,33,604,05706,629566,Vandalur (CT),Urban,16852,8410,8442,14580,7302,7278,1082,542,540,1117,536,581,1,1,0,1,0,1,3,2,1,18,8,10,50,19,31
C0101,33,604,05706,629567,Nedungundram (CT),Urban,14390,7376,7014,12430,6376,6054,424,217,207,1327,672,655,36,30,6,1,1,0,14,7,7,2,1,1,156,72,84
C0101,33,604,05706,629568,Urapakkam (CT),Urban,29122,14647,14475,25070,12584,12486,1688,876,812,2237,1129,1108,5,4,1,6,2,4,14,8,6,20,8,12,82,36,46
C0101,33,604,05706,629569,Muthukadu (CT),Urban,7610,3855,3755,6430,3266,3164,264,142,122,884,431,453,10,5,5,0,0,0,3,2,1,0,0,0,19,9,10
C0101,33,604,05706,629570,Kovalam (CT),Urban,8124,3980,4144,5363,2610,2753,2150,1084,1066,559,264,295,0,0,0,1,1,0,0,0,0,1,1,0,50,20,30
C0101,33,604,05706,629571,Singaperumalkoil (CT),Urban,13566,6779,6787,11986,5992,5994,1170,580,590,247,130,117,14,9,5,3,2,1,57,29,28,0,0,0,89,37,52
C0101,33,604,05706,629572,Vallam (CT),Urban,7745,3853,3892,7180,3569,3611,127,67,60,386,197,189,0,0,0,2,0,2,1,0,1,0,0,0,49,20,29
C0101,33,604,05706,629573,Alapakkam (CT),Urban,9404,4702,4702,8051,4024,4027,664,329,335,670,340,330,5,3,2,4,3,1,5,1,4,0,0,0,5,2,3
C0101,33,604,05706,803361,Nandivaram - Guduvancheri (TP),Urban,44098,22264,21834,37568,18981,18587,3840,1942,1898,2506,1243,1263,13,10,3,13,8,5,84,45,39,14,9,5,60,26,34
C0101,33,604,05706,803362,Maraimalainagar (M),Urban,81872,41920,39952,73905,37924,35981,2928,1523,1405,4588,2218,2370,81,54,27,36,20,16,55,34,21,16,9,7,263,138,125
C0101,33,604,05706,803363,Thiruporur (TP),Urban,13666,7028,6638,12550,6472,6078,547,271,276,539,270,269,10,5,5,12,9,3,0,0,0,0,0,0,8,1,7
C0101,33,604,05706,803364,Chengalpattu (M),Urban,62579,30982,31597,53399,26520,26879,3810,1918,1892,4058,1954,2104,14,8,6,83,40,43,83,38,45,11,6,5,1121,498,623
C0101,33,604,05707,000000,Sub-District - Kancheepuram,Total,497711,248707,249004,473966,236913,237053,14819,7389,7430,7239,3558,3681,127,68,59,72,36,36,1113,563,550,48,24,24,327,156,171
C0101,33,604,05707,000000,Sub-District - Kancheepuram,Rural,222626,111553,111073,216513,108503,108010,2573,1274,1299,3264,1626,1638,61,35,26,30,17,13,104,60,44,16,6,10,65,32,33
C0101,33,604,05707,000000,Sub-District - Kancheepuram,Urban,275085,137154,137931,257453,128410,129043,12246,6115,6131,3975,1932,2043,66,33,33,42,19,23,1009,503,506,32,18,14,262,124,138
C0101,33,604,05707,629740,Konerikuppam (CT),Urban,11406,5655,5751,10337,5122,5215,477,232,245,566,284,282,14,10,4,7,3,4,0,0,0,0,0,0,5,4,1
C0101,33,604,05707,629741,Sirukaveripakkam (CT),Urban,8032,3945,4087,7112,3514,3598,784,366,418,131,62,69,0,0,0,0,0,0,0,0,0,5,3,2,0,0,0
C0101,33,604,05707,629742,Nattapettai (CT),Urban,19883,9986,9897,19094,9592,9502,547,288,259,211,95,116,5,1,4,0,0,0,9,2,7,8,4,4,9,4,5
C0101,33,604,05707,629743,Ayyampettai (CT),Urban,6610,3298,3312,6566,3278,3288,16,8,8,25,12,13,0,0,0,0,0,0,0,0,0,1,0,1,2,0,2
C0101,33,604,05707,629744,Thenambakkam (CT),Urban,13994,7070,6924,13426,6788,6638,180,89,91,291,149,142,6,2,4,4,0,4,81,39,42,0,0,0,6,3,3
C0101,33,604,05707,629745,Orikkai (CT),Urban,12638,6318,6320,12225,6114,6111,162,86,76,186,85,101,2,1,1,14,6,8,7,4,3,0,0,0,42,22,20
C0101,33,604,05707,803365,Kancheepuram (M),Urban,164384,81992,82392,153507,76535,76972,8614,4332,4282,1361,675,686,24,12,12,16,9,7,664,334,330,12,8,4,186,87,99
C0101,33,604,05707,803366,Sevilimedu (TP),Urban,23454,11701,11753,22436,11204,11232,320,156,164,534,260,274,2,2,0,1,1,0,145,72,73,5,2,3,11,4,7
C0101,33,604,05707,803367,Walajabad (TP),Urban,14684,7189,7495,12750,6263,6487,1146,558,588,670,310,360,13,5,8,0,0,0,103,52,51,1,1,0,1,0,1
C0101,33,604,05708,000000,Sub-District - Uthiramerur,Total,148133,74204,73929,137593,68999,68594,1792,899,893,8272,4088,4184,14,8,6,5,0,5,94,45,49,13,7,6,350,158,192
C0101,33,604,05708,000000,Sub-District - Uthiramerur,Rural,122939,61635,61304,115575,57998,57577,1007,500,507,6004,2971,3033,9,6,3,3,0,3,27,14,13,11,7,4,303,139,164
C0101,33,604,05708,000000,Sub-District - Uthiramerur,Urban,25194,12569,12625,22018,11001,11017,785,399,386,2268,1117,1151,5,2,3,2,0,2,67,31,36,2,0,2,47,19,28
C0101,33,604,05708,803368,Uthiramerur (TP),Urban,25194,12569,12625,22018,11001,11017,785,399,386,2268,1117,1151,5,2,3,2,0,2,67,31,36,2,0,2,47,19,28
C0101,33,604,05709,000000,Sub-District - Tirukalukundram,Total,196897,99401,97496,183355,92708,90647,7582,3778,3804,5280,2579,2701,45,24,21,53,28,25,137,71,66,13,7,6,432,206,226
C0101,33,604,05709,000000,Sub-District - Tirukalukundram,Rural,131183,66179,65004,125341,63311,62030,2694,1328,1366,2821,1377,1444,27,14,13,15,5,10,22,12,10,10,5,5,253,127,126
C0101,33,604,05709,000000,Sub-District - Tirukalukundram,Urban,65714,33222,32492,58014,29397,28617,4888,2450,2438,2459,1202,1257,18,10,8,38,23,15,115,59,56,3,2,1,179,79,100
C0101,33,604,05709,629963,Pudupattinam (CT),Urban,21151,10621,10530,17588,8824,8764,2507,1273,1234,957,477,480,7,4,3,7,4,3,13,9,4,2,1,1,70,29,41
C0101,33,604,05709,803369,Mamallapuram (TP),Urban,15172,8036,7136,13384,7123,6261,679,374,305,1091,530,561,3,3,0,0,0,0,2,1,1,1,1,0,12,4,8
C0101,33,604,05709,803370,Tirukalukundram (TP),Urban,29391,14565,14826,27042,13450,13592,1702,803,899,411,195,216,8,3,5,31,19,12,100,49,51,0,0,0,97,46,51
C0101,33,604,05710,000000,Sub-District - Maduranthakam,Total,275953,138050,137903,258227,129235,128992,6571,3266,3305,10329,5118,5211,37,16,21,41,21,20,323,164,159,10,3,7,415,227,188
C0101,33,604,05710,000000,Sub-District - Maduranthakam,Rural,222310,111401,110909,210493,105523,104970,2492,1259,1233,9014,4471,4543,30,12,18,7,5,2,10,6,4,9,3,6,255,122,133
C0101,33,604,05710,000000,Sub-District - Maduranthakam,Urban,53643,26649,26994,47734,23712,24022,4079,2007,2072,1315,647,668,7,4,3,34,16,18,313,158,155,1,0,1,160,105,55
C0101,33,604,05710,803371,Karunguzhi (TP),Urban,12485,6245,6240,11606,5824,5782,679,319,360,141,70,71,1,1,0,13,6,7,13,7,6,0,0,0,32,18,14
C0101,33,604,05710,803372,Maduranthakam (M),Urban,30796,15254,15542,27469,13588,13881,2060,1016,1044,885,436,449,6,3,3,21,10,11,244,121,123,1,0,1,110,80,30
C0101,33,604,05710,803373,Acharapakkam (TP),Urban,10362,5150,5212,8659,4300,4359,1340,672,668,289,141,148,0,0,0,0,0,0,56,30,26,0,0,0,18,7,11
C0101,33,604,05711,000000,Sub-District - Cheyyur,Total,206019,103169,102850,197138,98753,98385,4250,2143,2107,3803,1864,1939,32,21,11,18,6,12,43,19,24,22,11,11,713,352,361
C0101,33,604,05711,000000,Sub-District - Cheyyur,Rural,177847,89213,88634,172112,86380,85732,1461,733,728,3625,1765,1860,27,18,9,18,6,12,39,16,23,20,10,10,545,285,260
C0101,33,604,05711,000000,Sub-District - Cheyyur,Urban,28172,13956,14216,25026,12373,12653,2789,1410,1379,178,99,79,5,3,2,0,0,0,4,3,1,2,1,1,168,67,101
C0101,33,604,05711,803374,Edakalinadu (TP),Urban,28172,13956,14216,25026,12373,12653,2789,1410,1379,178,99,79,5,3,2,0,0,0,4,3,1,2,1,1,168,67,101
C0101,33,605,00000,000000,District - Vellore,Total,3936331,1961688,1974643,3397857,1696684,1701173,414760,205947,208813,111390,53044,58346,676,407,269,438,251,187,3514,1780,1734,251,131,120,7445,3444,4001
C0101,33,605,00000,000000,District - Vellore,Rural,2234344,1117101,1117243,2132774,1067204,1065570,54726,27058,27668,43375,21134,22241,255,142,113,102,51,51,278,144,134,102,59,43,2732,1309,1423
C0101,33,605,00000,000000,District - Vellore,Urban,1701987,844587,857400,1265083,629480,635603,360034,178889,181145,68015,31910,36105,421,265,156,336,200,136,3236,1636,1600,149,72,77,4713,2135,2578
C0101,33,605,05712,000000,Sub-District - Gudiyatham,Total,425353,210817,214536,347617,172471,175146,67476,33378,34098,8687,4265,4422,50,27,23,19,10,9,318,156,162,23,13,10,1163,497,666
C0101,33,605,05712,000000,Sub-District - Gudiyatham,Rural,235672,117091,118581,215935,107390,108545,13681,6719,6962,5703,2800,2903,24,13,11,10,5,5,10,6,4,2,1,1,307,157,150
C0101,33,605,05712,000000,Sub-District - Gudiyatham,Urban,189681,93726,95955,131682,65081,66601,53795,26659,27136,2984,1465,1519,26,14,12,9,5,4,308,150,158,21,12,9,856,340,516
C0101,33,605,05712,630365,Kondasamudram (CT),Urban,21335,10761,10574,20009,10172,9837,444,233,211,273,132,141,0,0,0,0,0,0,2,1,1,0,0,0,607,223,384
C0101,33,605,05712,630366,Sevur (CT),Urban,11356,5604,5752,7396,3658,3738,3917,1923,1994,35,18,17,2,1,1,0,0,0,0,0,0,0,0,0,6,4,2
C0101,33,605,05712,630367,Sathkar (CT),Urban,8632,4230,4402,6673,3260,3413,1110,562,548,841,403,438,0,0,0,1,1,0,0,0,0,1,0,1,6,4,2
C0101,33,605,05712,630368,Valathur (CT),Urban,5529,2711,2818,4229,2064,2165,1232,611,621,58,32,26,1,0,1,0,0,0,0,0,0,0,0,0,9,4,5
C0101,33,605,05712,803375,Gudiyatham (M),Urban,91558,45135,46423,74690,36882,37808,15530,7600,7930,896,436,460,11,7,4,8,4,4,254,124,130,20,12,8,149,70,79
C0101,33,605,05712,803376,Pernampattu (M),Urban,51271,25285,25986,18685,9045,9640,31562,15730,15832,881,444,437,12,6,6,0,0,0,52,25,27,0,0,0,79,35,44
C0101,33,605,05713,000000,Sub-District - Katpadi,Total,391100,195567,195533,355561,178360,177201,10276,5193,5083,23752,11132,12620,135,96,39,118,87,31,237,158,79,18,10,8,1003,531,472
C0101,33,605,05713,000000,Sub-District - Katpadi,Rural,248137,122543,125594,232066,114830,117236,4022,1996,2026,11731,5552,6179,33,21,12,21,10,11,21,14,7,8,5,3,235,115,120
C0101,33,605,05713,000000,Sub-District - Katpadi,Urban,142963,73024,69939,123495,63530,59965,6254,3197,3057,12021,5580,6441,102,75,27,97,77,20,216,144,72,10,5,5,768,416,352
C0101,33,605,05713,630469,Senur (CT),Urban,9078,4586,4492,8984,4539,4445,23,12,11,23,12,11,0,0,0,0,0,0,0,0,0,1,1,0,47,22,25
C0101,33,605,05713,630470,Kilvaithinankuppam (CT),Urban,5321,2643,2678,5195,2582,2613,87,43,44,35,15,20,2,2,0,0,0,0,0,0,0,0,0,0,2,1,1
C0101,33,605,05713,630471,Virudampattu (CT),Urban,7662,3785,3877,4423,2204,2219,2633,1274,1359,556,281,275,1,0,1,3,2,1,1,0,1,0,0,0,45,24,21
C0101,33,605,05713,630472,Kangeyanallur (CT),Urban,15177,7456,7721,13904,6854,7050,122,59,63,1115,530,585,2,1,1,4,1,3,12,4,8,0,0,0,18,7,11
C0101,33,605,05713,803377,Thiruvalam (TP),Urban,9153,4580,4573,8565,4276,4289,241,124,117,322,166,156,1,1,0,0,0,0,0,0,0,0,0,0,24,13,11
C0101,33,605,05713,803378,Katpadi (TP),Urban,28797,16851,11946,25466,15018,10448,399,292,107,2237,1073,1164,79,59,20,62,58,4,121,96,25,6,2,4,427,253,174
C0101,33,605,05713,803379,Dharapadavedu (M),Urban,38833,19063,19770,32469,15954,16515,2031,1040,991,4086,1954,2132,9,7,2,18,11,7,58,28,30,0,0,0,162,69,93
C0101,33,605,05713,803380,Gandhinagar (TP),Urban,9114,4111,5003,7122,3366,3756,266,125,141,1706,610,1096,0,0,0,9,4,5,4,3,1,0,0,0,7,3,4
C0101,33,605,05713,803381,Kalinjur (TP),Urban,19828,9949,9879,17367,8737,8630,452,228,224,1941,939,1002,8,5,3,1,1,0,20,13,7,3,2,1,36,24,12
C0101,33,605,05714,000000,Sub-District - Wallajah,Total,444758,221084,223674,374597,186264,188333,57285,28778,28507,11981,5609,6372,94,60,34,47,19,28,331,159,172,31,14,17,392,181,211
C0101,33,605,05714,000000,Sub-District - Wallajah,Rural,213602,106728,106874,201005,100530,100475,7687,3800,3887,4681,2292,2389,16,7,9,14,7,7,11,5,6,5,2,3,183,85,98
C0101,33,605,05714,000000,Sub-District - Wallajah,Urban,231156,114356,116800,173592,85734,87858,49598,24978,24620,7300,3317,3983,78,53,25,33,12,21,320,154,166,26,12,14,209,96,113
C0101,33,605,05714,630546,Narasingapuram (CT),Urban,11454,5753,5701,10689,5369,5320,102,50,52,627,316,311,4,3,1,1,0,1,15,7,8,0,0,0,16,8,8
C0101,33,605,05714,630547,Chettithangal (CT),Urban,7780,3882,3898,7428,3713,3715,186,88,98,161,79,82,0,0,0,0,0,0,0,0,0,0,0,0,5,2,3
C0101,33,605,05714,630548,Vanapadi (CT),Urban,5334,2648,2686,5251,2610,2641,25,9,16,44,21,23,0,0,0,0,0,0,0,0,0,0,0,0,14,8,6
C0101,33,605,05714,630549,Navlock Garden (CT),Urban,20171,10087,10084,18801,9413,9388,419,211,208,903,434,469,30,20,10,2,0,2,4,2,2,0,0,0,12,7,5
C0101,33,605,05714,803382,Sholingur (TP),Urban,30856,15416,15440,29164,14548,14616,1059,554,505,491,241,250,19,13,6,0,0,0,110,53,57,1,0,1,12,7,5
C0101,33,605,05714,803383,Ammoor (TP),Urban,12513,6215,6298,12235,6082,6153,178,89,89,83,37,46,3,0,3,1,1,0,1,0,1,1,0,1,11,6,5
C0101,33,605,05714,803384,Walajapet (M + OG),Urban,47498,23422,24076,40943,20214,20729,5825,2856,2969,573,280,293,14,11,3,11,6,5,53,23,30,11,4,7,68,28,40
C0101,33,605,05714,803385,Ranipettai (M),Urban,50764,24278,26486,38792,18662,20130,7712,3790,3922,4071,1733,2338,7,5,2,18,5,13,137,69,68,11,7,4,16,7,9
C0101,33,605,05714,803386,Melvisharam (M),Urban,44786,22655,22131,10289,5123,5166,34092,17331,16761,347,176,171,1,1,0,0,0,0,0,0,0,2,1,1,55,23,32
C0101,33,605,05715,000000,Sub-District - Arakonam,Total,504026,251905,252121,470172,235179,234993,16570,8202,8368,15816,7817,7999,110,60,50,63,30,33,372,192,180,26,15,11,897,410,487
C0101,33,605,05715,000000,Sub-District - Arakonam,Rural,349641,174769,174872,335371,167617,167754,5634,2800,2834,8214,4133,4081,62,30,32,21,9,12,32,15,17,16,10,6,291,155,136
C0101,33,605,05715,000000,Sub-District - Arakonam,Urban,154385,77136,77249,134801,67562,67239,10936,5402,5534,7602,3684,3918,48,30,18,42,21,21,340,177,163,10,5,5,606,255,351
C0101,33,605,05715,630689,Sembedu (CT),Urban,12548,6283,6265,12343,6192,6151,59,25,34,40,17,23,1,1,0,0,0,0,1,0,1,2,2,0,102,46,56
C0101,33,605,05715,630690,Ammanur (CT),Urban,7731,3808,3923,6541,3247,3294,353,166,187,830,393,437,1,0,1,2,1,1,0,0,0,1,0,1,3,1,2
C0101,33,605,05715,630691,Thirumalpur (CT),Urban,4803,2429,2374,4771,2418,2353,3,2,1,29,9,20,0,0,0,0,0,0,0,0,0,0,0,0,0,0,0
C0101,33,605,05715,803387,Arakonam (M),Urban,78395,38810,39585,63674,31625,32049,7706,3795,3911,6233,3034,3199,30,17,13,25,12,13,272,143,129,4,2,2,451,182,269
C0101,33,605,05715,803388,Thakkolam (TP),Urban,13983,7399,6584,12974,6864,6110,764,391,373,173,103,70,16,12,4,13,8,5,33,16,17,0,0,0,10,5,5
C0101,33,605,05715,803389,Nemili (TP),Urban,10806,5423,5383,10196,5119,5077,445,230,215,100,41,59,0,0,0,0,0,0,34,18,16,3,1,2,28,14,14
C0101,33,605,05715,803390,Kaveripakkam (TP),Urban,14583,7265,7318,13061,6514,6547,1391,692,699,121,52,69,0,0,0,1,0,1,0,0,0,0,0,0,9,7,2
C0101,33,605,05715,803391,Panapakkam (TP),Urban,11536,5719,5817,11241,5583,5658,215,101,114,76,35,41,0,0,0,1,0,1,0,0,0,0,0,0,3,0,3
C0101,33,605,05716,000000,Sub-District - Arcot,Total,250517,124705,125812,234684,117052,117632,13143,6352,6791,1998,957,1041,14,10,4,6,3,3,456,227,229,11,6,5,205,98,107
C0101,33,605,05716,000000,Sub-District - Arcot,Rural,152294,76008,76286,148927,74373,74554,1764,862,902,1330,639,691,9,6,3,4,2,2,151,74,77,5,3,2,104,49,55
C0101,33,605,05716,000000,Sub-District - Arcot,Urban,98223,48697,49526,85757,42679,43078,11379,5490,5889,668,318,350,5,4,1,2,1,1,305,153,152,6,3,3,101,49,52
C0101,33,605,05716,630790,Tajpura (CT),Urban,8075,4031,4044,7941,3966,3975,86,42,44,47,22,25,0,0,0,0,0,0,0,0,0,0,0,0,1,1,0
C0101,33,605,05716,803392,Arcot (M),Urban,55955,27782,28173,46245,23089,23156,8900,4302,4598,429,203,226,4,3,1,0,0,0,284,143,141,4,1,3,89,41,48
C0101,33,605,05716,803393,Vilapakkam (TP),Urban,8174,4068,4106,8031,3994,4037,51,26,25,86,43,43,0,0,0,1,0,1,0,0,0,2,2,0,3,3,0
C0101,33,605,05716,803394,Timiri (TP),Urban,16246,8026,8220,15595,7715,7880,574,273,301,68,32,36,1,1,0,1,1,0,0,0,0,0,0,0,7,4,3
C0101,33,605,05716,803395,Kalavai (TP),Urban,9773,4790,4983,7945,3915,4030,1768,847,921,38,18,20,0,0,0,0,0,0,21,10,11,0,0,0,1,0,1
C0101,33,605,05717,000000,Sub-District - Vellore,Total,696110,343919,352191,587846,291198,296648,79650,39454,40196,25599,11831,13768,121,61,60,115,62,53,1173,567,606,72,37,35,1534,709,825
C0101,33,605,05717,000000,Sub-District - Vellore,Rural,254484,126298,128186,245992,122175,123817,4687,2269,2418,3188,1556,1632,37,19,18,14,8,6,19,10,9,14,10,4,533,251,282
C0101,33,605,05717,000000,Sub-District - Vellore,Urban,441626,217621,224005,341854,169023,172831,74963,37185,37778,22411,10275,12136,84,42,42,101,54,47,1154,557,597,58,27,31,1001,458,543
C0101,33,605,05717,630906,Alamelumangapuram (CT),Urban,7900,3944,3956,7281,3643,3638,274,129,145,332,166,166,0,0,0,0,0,0,6,3,3,0,0,0,7,3,4
C0101,33,605,05717,630907,Karugampattur (CT),Urban,6343,3145,3198,5434,2702,2732,800,395,405,70,31,39,1,0,1,0,0,0,0,0,0,0,0,0,38,17,21
C0101,33,605,05717,630908,Kilmanavur (CT),Urban,5145,2518,2627,4961,2433,2528,35,14,21,147,69,78,0,0,0,0,0,0,0,0,0,0,0,0,2,2,0
C0101,33,605,05717,630909,Virinchipuram (CT),Urban,7699,3808,3891,5258,2599,2659,2365,1170,1195,56,27,29,1,1,0,0,0,0,18,10,8,0,0,0,1,1,0
C0101,33,605,05717,630910,Konavattam (CT),Urban,11472,5661,5811,5890,2906,2984,5417,2676,2741,145,69,76,0,0,0,11,6,5,0,0,0,0,0,0,9,4,5
C0101,33,605,05717,630911,Virupakshipuram (CT),Urban,14779,7293,7486,13565,6693,6872,552,262,290,643,326,317,2,2,0,0,0,0,0,0,0,4,3,1,13,7,6
C0101,33,605,05717,630912,Palavansathu (CT),Urban,22176,11055,11121,17711,8923,8788,341,177,164,4060,1924,2136,15,6,9,4,2,2,22,13,9,5,2,3,18,8,10
C0101,33,605,05717,630913,Ariyur (CT),Urban,7251,3570,3681,6136,3030,3106,915,439,476,191,99,92,1,1,0,0,0,0,8,1,7,0,0,0,0,0,0
C0101,33,605,05717,630914,Kaniyambadi (CT),Urban,9597,4821,4776,8228,4139,4089,490,254,236,873,424,449,0,0,0,0,0,0,0,0,0,0,0,0,6,4,2
C0101,33,605,05717,803396,Sathuvachari (M),Urban,56951,28207,28744,48413,24111,24302,4500,2213,2287,3703,1716,1987,17,9,8,25,12,13,102,54,48,8,4,4,183,88,95
C0101,33,605,05717,803397,Shenbakkam (TP),Urban,17109,8286,8823,14711,7187,7524,1700,828,872,682,263,419,1,0,1,3,2,1,0,0,0,2,1,1,10,5,5
C0101,33,605,05717,803398,Vellore (M Corp.),Urban,185803,91342,94461,130234,64131,66103,45106,22549,22557,8903,3923,4980,39,19,20,49,27,22,946,453,493,38,17,21,488,223,265
C0101,33,605,05717,803399,Pallikonda (TP),Urban,23067,11388,11679,18399,9104,9295,4288,2108,2180,353,162,191,0,0,0,8,5,3,0,0,0,1,0,1,18,9,9
C0101,33,605,05717,803400,Thorapadi (TP),Urban,16700,8222,8478,13279,6578,6701,2658,1289,1369,725,333,392,1,0,1,0,0,0,27,13,14,0,0,0,10,9,1
C0101,33,605,05717,803401,Allapuram (TP),Urban,31211,15334,15877,24617,12138,12479,4966,2418,2548,1423,699,724,5,3,2,1,0,1,25,10,15,0,0,0,174,66,108
C0101,33,605,05717,803402,Pennathur (TP),Urban,9425,4595,4830,8929,4350,4579,437,218,219,47,22,25,0,0,0,0,0,0,0,0,0,0,0,0,12,5,7
C0101,33,605,05717,803403,Odugathur (TP),Urban,8998,4432,4566,8808,4356,4452,119,46,73,58,22,36,1,1,0,0,0,0,0,0,0,0,0,0,12,7,5
C0101,33,605,05718,000000,Sub-District - Vaniyambadi,Total,336548,168996,167552,267082,134643,132439,64972,32225,32747,3426,1628,1798,40,26,14,17,12,5,201,99,102,16,6,10,794,357,437
C0101,33,605,05718,000000,Sub-District - Vaniyambadi,Rural,200000,101375,98625,196393,99605,96788,2365,1163,1202,1007,493,514,23,15,8,7,6,1,10,6,4,8,2,6,187,85,102
C0101,33,605,05718,000000,Sub-District - Vaniyambadi,Urban,136548,67621,68927,70689,35038,35651,62607,31062,31545,2419,1135,1284,17,11,6,10,6,4,191,93,98,8,4,4,607,272,335
C0101,33,605,05718,630968,Jaffrabad (CT),Urban,8121,4001,4120,1600,771,829,6278,3119,3159,9,5,4,0,0,0,0,0,0,0,0,0,2,0,2,232,106,126
C0101,33,605,05718,630969,Valayambattu (CT),Urban,10076,5072,5004,8480,4272,4208,1288,645,643,305,154,151,0,0,0,2,1,1,0,0,0,0,0,0,1,0,1
C0101,33,605,05718,630970,Devasthanam (CT),Urban,4963,2497,2466,4889,2460,2429,7,2,5,63,33,30,0,0,0,1,1,0,0,0,0,0,0,0,3,1,2
C0101,33,605,05718,803404,Vaniyambadi (M),Urban,95061,46992,48069,39685,19589,20096,52989,26301,26688,1887,877,1010,16,11,5,7,4,3,191,93,98,6,4,2,280,113,167
C0101,33,605,05718,803405,Alangayam (TP),Urban,18327,9059,9268,16035,7946,8089,2045,995,1050,155,66,89,1,0,1,0,0,0,0,0,0,0,0,0,91,52,39
C0101,33,605,05719,000000,Sub-District - Ambur,Total,326211,160982,165229,241531,119161,122370,71349,35439,35910,12495,5981,6514,61,37,24,22,10,12,112,62,50,40,24,16,601,268,333
C0101,33,605,05719,000000,Sub-District - Ambur,Rural,179202,88599,90603,166620,82396,84224,7456,3729,3727,4652,2261,2391,23,15,8,4,1,3,19,11,8,34,21,13,394,165,229
C0101,33,605,05719,000000,Sub-District - Ambur,Urban,147009,72383,74626,74911,36765,38146,63893,31710,32183,7843,3720,4123,38,22,16,18,9,9,93,51,42,6,3,3,207,103,104
C0101,33,605,05719,631065,Kailasagiri (CT),Urban,9421,4673,4748,6001,2995,3006,3211,1585,1626,194,88,106,2,1,1,1,0,1,0,0,0,0,0,0,12,4,8
C0101,33,605,05719,631066,Thuthipattu (CT),Urban,9143,4482,4661,5820,2849,2971,2526,1238,1288,779,385,394,1,1,0,1,0,1,0,0,0,0,0,0,16,9,7
C0101,33,605,05719,803406,Ambur (M),Urban,114608,56382,58226,52486,25661,26825,57415,28519,28896,4394,2037,2357,35,20,15,13,7,6,93,51,42,5,3,2,167,84,83
C0101,33,605,05719,803407,Uthayendram (TP),Urban,13837,6846,6991,10604,5260,5344,741,368,373,2476,1210,1266,0,0,0,3,2,1,0,0,0,1,0,1,12,6,6
C0101,33,605,05720,000000,Sub-District - Tirupathur,Total,561708,283713,277995,518767,262356,256411,34039,16926,17113,7636,3824,3812,51,30,21,31,18,13,314,160,154,14,6,8,856,393,463
C0101,33,605,05720,000000,Sub-District - Tirupathur,Rural,401312,203690,197622,390465,198288,192177,7430,3720,3710,2869,1408,1461,28,16,12,7,3,4,5,3,2,10,5,5,498,247,251
C0101,33,605,05720,000000,Sub-District - Tirupathur,Urban,160396,80023,80373,128302,64068,64234,26609,13206,13403,4767,2416,2351,23,14,9,24,15,9,309,157,152,4,1,3,358,146,212
C0101,33,605,05720,631158,Damalerimuthur (CT),Urban,5250,2594,2656,4941,2445,2496,297,143,154,10,4,6,0,0,0,0,0,0,0,0,0,1,1,0,1,1,0
C0101,33,605,05720,631159,Pachchal (CT),Urban,16789,8479,8310,14189,7201,6988,1156,594,562,1328,661,667,8,5,3,5,2,3,5,4,1,0,0,0,98,12,86
C0101,33,605,05720,631160,Periagaram (CT),Urban,4916,2504,2412,4874,2488,2386,0,0,0,5,2,3,1,1,0,0,0,0,0,0,0,0,0,0,36,13,23
C0101,33,605,05720,631161,Tirupattur (CT),Urban,19487,9782,9705,14017,7076,6941,5144,2542,2602,296,148,148,0,0,0,6,4,2,3,1,2,0,0,0,21,11,10
C0101,33,605,05720,631162,SuPallipattu (CT),Urban,4998,2548,2450,4627,2368,2259,275,136,139,91,40,51,0,0,0,0,0,0,0,0,0,0,0,0,5,4,1
C0101,33,605,05720,631163,Kasinayagampatti  (CT),Urban,4779,2439,2340,4746,2421,2325,6,2,4,25,15,10,0,0,0,0,0,0,0,0,0,0,0,0,2,1,1
C0101,33,605,05720,803408,Natrampalli (TP),Urban,10390,5178,5212,10223,5103,5120,144,63,81,20,11,9,1,1,0,0,0,0,0,0,0,0,0,0,2,0,2
C0101,33,605,05720,803409,Jolarpet (M),Urban,29662,14596,15066,27250,13421,13829,1318,654,664,1053,501,552,6,3,3,6,3,3,0,0,0,3,0,3,26,14,12
C0101,33,605,05720,803410,Tirupathur (M),Urban,64125,31903,32222,43435,21545,21890,18269,9072,9197,1939,1034,905,7,4,3,7,6,1,301,152,149,0,0,0,167,90,77
C0101,33,606,00000,000000,District - Tiruvannamalai,Total,2464875,1235889,1228986,2294369,1151551,1142818,91636,45583,46053,66987,32917,34070,232,122,110,157,83,74,7898,3951,3947,110,54,56,3486,1628,1858
C0101,33,606,00000,000000,District - Tiruvannamalai,Rural,1969930,989726,980204,1875296,942950,932346,36918,18234,18684,50230,24821,25409,174,94,80,72,42,30,5037,2504,2533,82,41,41,2121,1040,1081
C0101,33,606,00000,000000,District - Tiruvannamalai,Urban,494945,246163,248782,419073,208601,210472,54718,27349,27369,16757,8096,8661,58,28,30,85,41,44,2861,1447,1414,28,13,15,1365,588,777
C0101,33,606,05721,000000,Sub-District - Arani,Total,294976,146822,148154,278614,138845,139769,10544,5193,5351,3701,1751,1950,22,11,11,21,9,12,1645,819,826,20,9,11,409,185,224
C0101,33,606,05721,000000,Sub-District - Arani,Rural,185402,92579,92823,179537,89705,89832,3604,1790,1814,1667,792,875,15,7,8,3,2,1,331,165,166,16,8,8,229,110,119
C0101,33,606,05721,000000,Sub-District - Arani,Urban,109574,54243,55331,99077,49140,49937,6940,3403,3537,2034,959,1075,7,4,3,18,7,11,1314,654,660,4,1,3,180,75,105
C0101,33,606,05721,631212,Sevur (CT),Urban,10299,5213,5086,9731,4912,4819,71,36,35,152,83,69,0,0,0,1,0,1,337,182,155,0,0,0,7,0,7
C0101,33,606,05721,631213,Sathiyavijayanagaram (CT),Urban,5894,2946,2948,5496,2749,2747,336,168,168,26,11,15,0,0,0,0,0,0,33,16,17,0,0,0,3,2,1
C0101,33,606,05721,631214,Paiyur (CT),Urban,7555,3723,3832,7038,3459,3579,293,155,138,202,103,99,0,0,0,0,0,0,2,1,1,1,0,1,19,5,14
C0101,33,606,05721,631215,Mullipattu (CT),Urban,4956,2537,2419,4750,2437,2313,31,14,17,149,74,75,0,0,0,1,1,0,20,9,11,0,0,0,5,2,3
C0101,33,606,05721,631216,Devikapuram (CT),Urban,9800,4926,4874,9285,4671,4614,150,72,78,335,167,168,1,1,0,0,0,0,9,5,4,0,0,0,20,10,10
C0101,33,606,05721,803411,Kannamangalam (TP),Urban,7399,3630,3769,6009,2949,3060,1351,664,687,24,10,14,0,0,0,10,5,5,0,0,0,0,0,0,5,2,3
C0101,33,606,05721,803412,Arani (M),Urban,63671,31268,32403,56768,27963,28805,4708,2294,2414,1146,511,635,6,3,3,6,1,5,913,441,472,3,1,2,121,54,67
C0101,33,606,05722,000000,Sub-District - Cheyyar,Total,338612,169798,168814,328468,164830,163638,7130,3482,3648,1873,933,940,44,26,18,16,7,9,544,263,281,16,7,9,521,250,271
C0101,33,606,05722,000000,Sub-District - Cheyyar,Rural,288321,144748,143573,283134,142208,140926,3123,1524,1599,1367,678,689,37,22,15,9,3,6,322,151,171,14,6,8,315,156,159
C0101,33,606,05722,000000,Sub-District - Cheyyar,Urban,50291,25050,25241,45334,22622,22712,4007,1958,2049,506,255,251,7,4,3,7,4,3,222,112,110,2,1,1,206,94,112
C0101,33,606,05722,631434,Dusi (CT),Urban,5577,2811,2766,5134,2590,2544,376,197,179,7,4,3,0,0,0,0,0,0,0,0,0,0,0,0,60,20,40
C0101,33,606,05722,631435,Kilpudupakkam (CT),Urban,6912,3466,3446,6709,3372,3337,76,33,43,78,38,40,1,1,0,0,0,0,47,21,26,0,0,0,1,1,0
C0101,33,606,05722,803413,Tiruvethipuram (M),Urban,37802,18773,19029,33491,16660,16831,3555,1728,1827,421,213,208,6,3,3,7,4,3,175,91,84,2,1,1,145,73,72
C0101,33,606,05723,000000,Sub-District - Vandavasi,Total,336121,167876,168245,310008,154958,155050,16056,7977,8079,6201,3022,3179,26,13,13,34,15,19,3463,1733,1730,4,3,1,329,155,174
C0101,33,606,05723,000000,Sub-District - Vandavasi,Rural,294403,147186,147217,281189,140671,140518,4744,2343,2401,5202,2557,2645,19,10,9,22,10,12,2924,1454,1470,4,3,1,299,138,161
C0101,33,606,05723,000000,Sub-District - Vandavasi,Urban,41718,20690,21028,28819,14287,14532,11312,5634,5678,999,465,534,7,3,4,12,5,7,539,279,260,0,0,0,30,17,13
C0101,33,606,05723,803414,Peranamallur (TP),Urban,5801,2878,2923,5482,2715,2767,182,91,91,35,18,17,0,0,0,7,4,3,93,49,44,0,0,0,2,1,1
C0101,33,606,05723,803415,Vandavasi (M),Urban,31320,15566,15754,19060,9486,9574,10879,5415,5464,949,439,510,7,3,4,1,0,1,400,209,191,0,0,0,24,14,10
C0101,33,606,05723,803416,Desur (TP),Urban,4597,2246,2351,4277,2086,2191,251,128,123,15,8,7,0,0,0,4,1,3,46,21,25,0,0,0,4,2,2
C0101,33,606,05724,000000,Sub-District - Polur,Total,449860,225218,224642,422936,211914,211022,10589,5290,5299,14921,7308,7613,31,17,14,33,22,11,779,389,390,15,6,9,556,272,284
C0101,33,606,05724,000000,Sub-District - Polur,Rural,387606,194462,193144,371881,186625,185256,4949,2501,2448,9583,4737,4846,21,13,8,9,7,2,649,319,330,15,6,9,499,254,245
C0101,33,606,05724,000000,Sub-District - Polur,Urban,62254,30756,31498,51055,25289,25766,5640,2789,2851,5338,2571,2767,10,4,6,24,15,9,130,70,60,0,0,0,57,18,39
C0101,33,606,05724,803417,Kalambur (TP),Urban,14304,7122,7182,13512,6714,6798,744,382,362,42,23,19,0,0,0,0,0,0,0,0,0,0,0,0,6,3,3
C0101,33,606,05724,803418,Polur (TP),Urban,28123,13862,14261,23863,11783,12080,2798,1365,1433,1324,647,677,6,2,4,4,1,3,107,60,47,0,0,0,21,4,17
C0101,33,606,05724,803419,Chetpet (TP),Urban,19827,9772,10055,13680,6792,6888,2098,1042,1056,3972,1901,2071,4,2,2,20,14,6,23,10,13,0,0,0,30,11,19
C0101,33,606,05725,000000,Sub-District - Chengam,Total,283917,143861,140056,268191,136097,132094,10062,5008,5054,5301,2559,2742,28,16,12,10,6,4,59,32,27,20,12,8,246,131,115
C0101,33,606,05725,000000,Sub-District - Chengam,Rural,245555,124704,120851,235645,119858,115787,4980,2456,2524,4681,2246,2435,26,16,10,8,5,3,21,12,9,19,12,7,175,99,76
C0101,33,606,05725,000000,Sub-District - Chengam,Urban,38362,19157,19205,32546,16239,16307,5082,2552,2530,620,313,307,2,0,2,2,1,1,38,20,18,1,0,1,71,32,39
C0101,33,606,05725,803420,Pudupalayam (TP),Urban,11382,5608,5774,11165,5500,5665,29,13,16,182,92,90,0,0,0,0,0,0,0,0,0,0,0,0,6,3,3
C0101,33,606,05725,803421,Chengam (TP),Urban,26980,13549,13431,21381,10739,10642,5053,2539,2514,438,221,217,2,0,2,2,1,1,38,20,18,1,0,1,65,29,36
C0101,33,606,05726,000000,Sub-District - Thandrampet,Total,179553,90128,89425,164695,82784,81911,7456,3600,3856,7221,3655,3566,14,6,8,5,4,1,21,14,7,2,1,1,139,64,75
C0101,33,606,05726,000000,Sub-District - Thandrampet,Rural,179553,90128,89425,164695,82784,81911,7456,3600,3856,7221,3655,3566,14,6,8,5,4,1,21,14,7,2,1,1,139,64,75
C0101,33,606,05726,000000,Sub-District - Thandrampet,Urban,0,0,0,0,0,0,0,0,0,0,0,0,0,0,0,0,0,0,0,0,0,0,0,0,0,0,0
C0101,33,606,05727,000000,Sub-District - Tiruvannamalai,Total,581836,292186,289650,521457,262123,259334,29799,15033,14766,27769,13689,14080,67,33,34,38,20,18,1387,701,686,33,16,17,1286,571,715
C0101,33,606,05727,000000,Sub-District - Tiruvannamalai,Rural,389090,195919,193171,359215,181099,178116,8062,4020,4042,20509,10156,10353,42,20,22,16,11,5,769,389,380,12,5,7,465,219,246
C0101,33,606,05727,000000,Sub-District - Tiruvannamalai,Urban,192746,96267,96479,162242,81024,81218,21737,11013,10724,7260,3533,3727,25,13,12,22,9,13,618,312,306,21,11,10,821,352,469
C0101,33,606,05727,632266,Vengikkal (CT),Urban,18244,9278,8966,17365,8839,8526,227,114,113,577,289,288,2,1,1,4,2,2,39,21,18,0,0,0,30,12,18
C0101,33,606,05727,803422,Tiruvannamalai (M),Urban,145278,72406,72872,119958,59702,60256,20439,10364,10075,4046,1928,2118,21,12,9,18,7,11,579,291,288,21,11,10,196,91,105
C0101,33,606,05727,803423,Kilpennathur (TP),Urban,13718,6902,6816,12841,6459,6382,460,240,220,416,203,213,1,0,1,0,0,0,0,0,0,0,0,0,0,0,0
C0101,33,606,05727,803424,Vettavalam (TP),Urban,15506,7681,7825,12078,6024,6054,611,295,316,2221,1113,1108,1,0,1,0,0,0,0,0,0,0,0,0,595,249,346
C0101,33,607,00000,000000,District - Viluppuram,Total,3458873,1740819,1718054,3174941,1599867,1575074,133896,66343,67553,138279,68929,69350,325,165,160,238,119,119,4032,2003,2029,278,144,134,6884,3249,3635
C0101,33,607,00000,000000,District - Viluppuram,Rural,2939785,1481475,1458310,2748837,1386505,1362332,64066,31635,32431,118422,59230,59192,200,100,100,165,83,82,2265,1121,1144,211,104,107,5619,2697,2922
C0101,33,607,00000,000000,District - Viluppuram,Urban,519088,259344,259744,426104,213362,212742,69830,34708,35122,19857,9699,10158,125,65,60,73,36,37,1767,882,885,67,40,27,1265,552,713
C0101,33,607,05728,000000,Sub-District - Gingee,Total,423942,213509,210433,383976,193536,190440,15295,7719,7576,21936,10957,10979,20,10,10,27,9,18,1107,551,556,16,12,4,1565,715,850
C0101,33,607,05728,000000,Sub-District - Gingee,Rural,390005,196346,193659,357497,180140,177357,9811,4930,4881,20087,10039,10048,18,8,10,27,9,18,1072,534,538,14,11,3,1479,675,804
C0101,33,607,05728,000000,Sub-District - Gingee,Urban,33937,17163,16774,26479,13396,13083,5484,2789,2695,1849,918,931,2,2,0,0,0,0,35,17,18,2,1,1,86,40,46
C0101,33,607,05728,803425,Gingee (TP),Urban,27045,13696,13349,20201,10239,9962,5044,2567,2477,1678,833,845,2,2,0,0,0,0,35,17,18,2,1,1,83,37,46
C0101,33,607,05728,803426,Ananthapuram (TP),Urban,6892,3467,3425,6278,3157,3121,440,222,218,171,85,86,0,0,0,0,0,0,0,0,0,0,0,0,3,3,0
C0101,33,607,05729,000000,Sub-District - Tindivanam,Total,446682,223525,223157,419164,210054,209110,16394,7982,8412,8695,4264,4431,56,33,23,24,11,13,1826,913,913,13,6,7,510,262,248
C0101,33,607,05729,000000,Sub-District - Tindivanam,Rural,351852,176189,175663,339060,170065,168995,6940,3289,3651,4535,2169,2366,24,15,9,8,3,5,834,415,419,12,5,7,439,228,211
C0101,33,607,05729,000000,Sub-District - Tindivanam,Urban,94830,47336,47494,80104,39989,40115,9454,4693,4761,4160,2095,2065,32,18,14,16,8,8,992,498,494,1,1,0,71,34,37
C0101,33,607,05729,803427,Tindivanam (M),Urban,72796,36338,36458,59809,29822,29987,8701,4331,4370,3199,1637,1562,27,14,13,13,8,5,991,498,493,1,1,0,55,27,28
C0101,33,607,05729,803428,Marakkanam (TP),Urban,22034,10998,11036,20295,10167,10128,753,362,391,961,458,503,5,4,1,3,0,3,1,0,1,0,0,0,16,7,9
C0101,33,607,05730,000000,Sub-District - Vanur,Total,196422,98822,97600,178322,89883,88439,14973,7385,7588,2074,1048,1026,16,9,7,20,14,6,249,124,125,115,57,58,653,302,351
C0101,33,607,05730,000000,Sub-District - Vanur,Rural,164696,83132,81564,160628,81094,79534,1306,664,642,1731,877,854,13,9,4,10,8,2,249,124,125,114,57,57,645,299,346
C0101,33,607,05730,000000,Sub-District - Vanur,Urban,31726,15690,16036,17694,8789,8905,13667,6721,6946,343,171,172,3,0,3,10,6,4,0,0,0,1,0,1,8,3,5
C0101,33,607,05730,803429,Kottakuppam (TP),Urban,31726,15690,16036,17694,8789,8905,13667,6721,6946,343,171,172,3,0,3,10,6,4,0,0,0,1,0,1,8,3,5
C0101,33,607,05731,000000,Sub-District - Viluppuram,Total,697569,349406,348163,645767,323691,322076,24480,12245,12235,25934,12795,13139,59,28,31,28,13,15,466,218,248,37,22,15,798,394,404
C0101,33,607,05731,000000,Sub-District - Viluppuram,Rural,551695,276792,274903,525795,263956,261839,6587,3275,3312,18690,9264,9426,26,10,16,11,4,7,44,17,27,18,8,10,524,258,266
C0101,33,607,05731,000000,Sub-District - Viluppuram,Urban,145874,72614,73260,119972,59735,60237,17893,8970,8923,7244,3531,3713,33,18,15,17,9,8,422,201,221,19,14,5,274,136,138
C0101,33,607,05731,633050,Salamedu (CT),Urban,20854,10546,10308,19125,9683,9442,871,432,439,778,393,385,7,4,3,7,3,4,47,21,26,1,1,0,18,9,9
C0101,33,607,05731,803430,Vikravandi (TP),Urban,12022,6037,5985,10260,5140,5120,1418,721,697,324,162,162,1,1,0,0,0,0,0,0,0,7,4,3,12,9,3
C0101,33,607,05731,803431,Viluppuram (M),Urban,96253,47670,48583,75413,37328,38085,14321,7180,7141,5916,2866,3050,24,12,12,10,6,4,362,176,186,11,9,2,196,93,103
C0101,33,607,05731,803432,Valavanur (TP),Urban,16745,8361,8384,15174,7584,7590,1283,637,646,226,110,116,1,1,0,0,0,0,13,4,9,0,0,0,48,25,23
C0101,33,607,05732,000000,Sub-District - Tirukkoyilur,Total,446531,226065,220466,410207,208001,202206,9708,4756,4952,25741,12880,12861,53,24,29,46,27,19,211,110,101,11,6,5,554,261,293
C0101,33,607,05732,000000,Sub-District - Tirukkoyilur,Rural,392460,199019,193441,364127,184784,179343,4759,2391,2368,23125,11617,11508,32,15,17,32,20,12,26,15,11,10,6,4,349,171,178
C0101,33,607,05732,000000,Sub-District - Tirukkoyilur,Urban,54071,27046,27025,46080,23217,22863,4949,2365,2584,2616,1263,1353,21,9,12,14,7,7,185,95,90,1,0,1,205,90,115
C0101,33,607,05732,803433,Manalurpet (TP),Urban,8523,4256,4267,7137,3583,3554,664,321,343,713,348,365,0,0,0,0,0,0,7,3,4,0,0,0,2,1,1
C0101,33,607,05732,803434,Arakandanallur (TP),Urban,5713,2876,2837,4874,2463,2411,736,357,379,100,55,45,1,0,1,0,0,0,0,0,0,0,0,0,2,1,1
C0101,33,607,05732,803435,Tirukkoyilur (TP),Urban,30212,15051,15161,25367,12756,12611,2710,1283,1427,1731,821,910,20,9,11,14,7,7,178,92,86,0,0,0,192,83,109
C0101,33,607,05732,803436,Thiruvennainallur (TP),Urban,9623,4863,4760,8702,4415,4287,839,404,435,72,39,33,0,0,0,0,0,0,0,0,0,1,0,1,9,5,4
C0101,33,607,05733,000000,Sub-District - Sankarapuram,Total,407970,206075,201895,354929,179484,175445,23145,11589,11556,28921,14521,14400,32,14,18,17,7,10,18,6,12,10,3,7,898,451,447
C0101,33,607,05733,000000,Sub-District - Sankarapuram,Rural,392306,198257,194049,343333,173725,169608,19341,9665,9676,28676,14392,14284,32,14,18,17,7,10,17,6,11,10,3,7,880,445,435
C0101,33,607,05733,000000,Sub-District - Sankarapuram,Urban,15664,7818,7846,11596,5759,5837,3804,1924,1880,245,129,116,0,0,0,0,0,0,1,0,1,0,0,0,18,6,12
C0101,33,607,05733,803437,Sankarapuram (TP),Urban,15664,7818,7846,11596,5759,5837,3804,1924,1880,245,129,116,0,0,0,0,0,0,1,0,1,0,0,0,18,6,12
C0101,33,607,05734,000000,Sub-District - Kallakkurichi,Total,466136,234833,231303,441366,222614,218752,16638,8286,8352,6977,3422,3555,49,26,23,19,9,10,100,53,47,69,35,34,918,388,530
C0101,33,607,05734,000000,Sub-District - Kallakkurichi,Rural,346884,175116,171768,337180,170279,166901,4934,2452,2482,4251,2143,2108,23,13,10,6,4,2,7,3,4,28,12,16,455,210,245
C0101,33,607,05734,000000,Sub-District - Kallakkurichi,Urban,119252,59717,59535,104186,52335,51851,11704,5834,5870,2726,1279,1447,26,13,13,13,5,8,93,50,43,41,23,18,463,178,285
C0101,33,607,05734,803438,Vadakkanandal (TP),Urban,23034,11654,11380,21426,10855,10571,647,313,334,936,475,461,1,0,1,4,2,2,0,0,0,1,1,0,19,8,11
C0101,33,607,05734,803439,Thiagadurgam (TP),Urban,18605,9312,9293,15817,7934,7883,2525,1255,1270,242,114,128,1,0,1,1,0,1,1,0,1,0,0,0,18,9,9
C0101,33,607,05734,803440,Kallakkurichi (M),Urban,52507,26460,26047,44035,22276,21759,7037,3522,3515,903,437,466,23,12,11,8,3,5,90,49,41,40,22,18,371,139,232
C0101,33,607,05734,803441,Chinnasalem (TP),Urban,25106,12291,12815,22908,11270,11638,1495,744,751,645,253,392,1,1,0,0,0,0,2,1,1,0,0,0,55,22,33
C0101,33,607,05735,000000,Sub-District - Ulundurpettai,Total,373621,188584,185037,341210,172604,168606,13263,6381,6882,18001,9042,8959,40,21,19,57,29,28,55,28,27,7,3,4,988,476,512
C0101,33,607,05735,000000,Sub-District - Ulundurpettai,Rural,349887,176624,173263,321217,162462,158755,10388,4969,5419,17327,8729,8598,32,16,16,54,28,26,16,7,9,5,2,3,848,411,437
C0101,33,607,05735,000000,Sub-District - Ulundurpettai,Urban,23734,11960,11774,19993,10142,9851,2875,1412,1463,674,313,361,8,5,3,3,1,2,39,21,18,2,1,1,140,65,75
C0101,33,607,05735,803442,Ulundurpettai (TP),Urban,23734,11960,11774,19993,10142,9851,2875,1412,1463,674,313,361,8,5,3,3,1,2,39,21,18,2,1,1,140,65,75
C0101,33,608,00000,000000,District - Salem,Total,3482056,1781571,1700485,3326357,1704451,1621906,95487,47581,47906,53841,26134,27707,412,235,177,174,94,80,992,516,476,246,132,114,4547,2428,2119
C0101,33,608,00000,000000,District - Salem,Rural,1707934,883274,824660,1683726,871325,812401,8196,4121,4075,14453,7055,7398,111,64,47,55,27,28,25,10,15,75,41,34,1293,631,662
C0101,33,608,00000,000000,District - Salem,Urban,1774122,898297,875825,1642631,833126,809505,87291,43460,43831,39388,19079,20309,301,171,130,119,67,52,967,506,461,171,91,80,3254,1797,1457
C0101,33,608,05736,000000,Sub-District - Mettur,Total,419887,218447,201440,408474,212816,195658,3765,1861,1904,7281,3547,3734,31,15,16,15,11,4,4,1,3,12,8,4,305,188,117
C0101,33,608,05736,000000,Sub-District - Mettur,Rural,237538,125662,111876,235170,124470,110700,201,94,107,2065,1037,1028,16,7,9,6,5,1,1,0,1,5,4,1,74,45,29
C0101,33,608,05736,000000,Sub-District - Mettur,Urban,182349,92785,89564,173304,88346,84958,3564,1767,1797,5216,2510,2706,15,8,7,9,6,3,3,1,2,7,4,3,231,143,88
C0101,33,608,05736,633798,Avadattur (CT),Urban,9869,5209,4660,9842,5200,4642,3,1,2,23,8,15,0,0,0,0,0,0,1,0,1,0,0,0,0,0,0
C0101,33,608,05736,633799,Doramangalam (CT),Urban,5322,2810,2512,5284,2793,2491,30,13,17,8,4,4,0,0,0,0,0,0,0,0,0,0,0,0,0,0,0
C0101,33,608,05736,803443,Kolathur (TP),Urban,12748,6513,6235,12298,6282,6016,260,128,132,180,96,84,1,1,0,0,0,0,0,0,0,0,0,0,9,6,3
C0101,33,608,05736,803444,Mecheri (TP),Urban,25676,13495,12181,25487,13393,12094,78,42,36,53,28,25,1,0,1,0,0,0,0,0,0,4,2,2,53,30,23
C0101,33,608,05736,803445,Veerakkalpudur (TP),Urban,16665,8451,8214,16116,8175,7941,246,124,122,294,146,148,5,4,1,0,0,0,0,0,0,0,0,0,4,2,2
C0101,33,608,05736,803446,Mettur (M),Urban,52813,26202,26611,46702,23194,23508,1889,958,931,4076,1958,2118,5,1,4,7,4,3,0,0,0,3,2,1,131,85,46
C0101,33,608,05736,803447,P.N.Patti (TP),Urban,25133,12843,12290,24350,12464,11886,342,169,173,418,197,221,2,1,1,0,0,0,0,0,0,0,0,0,21,12,9
C0101,33,608,05736,803448,Nangavalli (TP),Urban,10809,5505,5304,10630,5417,5213,128,60,68,42,22,20,0,0,0,0,0,0,2,1,1,0,0,0,7,5,2
C0101,33,608,05736,803449,Vanavasi (TP),Urban,7130,3619,3511,7055,3585,3470,45,21,24,28,11,17,1,1,0,0,0,0,0,0,0,0,0,0,1,1,0
C0101,33,608,05736,803450,Jalakandapuram (TP),Urban,16184,8138,8046,15540,7843,7697,543,251,292,94,40,54,0,0,0,2,2,0,0,0,0,0,0,0,5,2,3
C0101,33,608,05737,000000,Sub-District - Omalur,Total,494355,258922,235433,483893,253661,230232,4752,2524,2228,5450,2611,2839,41,22,19,15,7,8,13,5,8,41,18,23,150,74,76
C0101,33,608,05737,000000,Sub-District - Omalur,Rural,392042,206000,186042,385438,202747,182691,2249,1134,1115,4154,2019,2135,32,18,14,8,3,5,8,1,7,31,15,16,122,63,59
C0101,33,608,05737,000000,Sub-District - Omalur,Urban,102313,52922,49391,98455,50914,47541,2503,1390,1113,1296,592,704,9,4,5,7,4,3,5,4,1,10,3,7,28,11,17
C0101,33,608,05737,633890,Kottagoundampatty (CT),Urban,7891,4167,3724,7635,4053,3582,85,57,28,161,57,104,0,0,0,0,0,0,0,0,0,2,0,2,8,0,8
C0101,33,608,05737,633891,Vellakkalpatty (CT),Urban,5475,3021,2454,4949,2588,2361,467,401,66,57,31,26,2,1,1,0,0,0,0,0,0,0,0,0,0,0,0
C0101,33,608,05737,633892,Kurukkupatti (CT),Urban,5037,2612,2425,4707,2448,2259,13,5,8,315,159,156,0,0,0,2,0,2,0,0,0,0,0,0,0,0,0
C0101,33,608,05737,633893,Karukkalvadi (CT),Urban,12052,6313,5739,12008,6294,5714,4,3,1,27,9,18,0,0,0,0,0,0,4,3,1,5,3,2,4,1,3
C0101,33,608,05737,803451,Kadayampatti (TP),Urban,11390,5920,5470,11144,5798,5346,120,63,57,120,56,64,1,0,1,0,0,0,0,0,0,2,0,2,3,3,0
C0101,33,608,05737,803452,Omalur (TP),Urban,16279,8021,8258,14347,7118,7229,1572,744,828,351,154,197,2,1,1,2,1,1,0,0,0,0,0,0,5,3,2
C0101,33,608,05737,803453,Karuppur (TP),Urban,13967,7180,6787,13759,7081,6678,94,46,48,111,50,61,1,1,0,1,1,0,0,0,0,0,0,0,1,1,0
C0101,33,608,05737,803454,Tharamangalam (TP),Urban,30222,15688,14534,29906,15534,14372,148,71,77,154,76,78,3,1,2,2,2,0,1,1,0,1,0,1,7,3,4
C0101,33,608,05738,000000,Sub-District - Edappadi,Total,223756,116729,107027,220077,114905,105172,2145,1072,1073,1274,623,651,14,9,5,5,3,2,4,2,2,5,3,2,232,112,120
C0101,33,608,05738,000000,Sub-District - Edappadi,Rural,150170,79070,71100,148926,78448,70478,451,235,216,640,315,325,5,2,3,3,1,2,4,2,2,4,2,2,137,65,72
C0101,33,608,05738,000000,Sub-District - Edappadi,Urban,73586,37659,35927,71151,36457,34694,1694,837,857,634,308,326,9,7,2,2,2,0,0,0,0,1,1,0,95,47,48
C0101,33,608,05738,803455,Poolampatti (TP),Urban,9477,4769,4708,9269,4670,4599,10,4,6,179,85,94,0,0,0,1,1,0,0,0,0,0,0,0,18,9,9
C0101,33,608,05738,803456,Edappadi (M),Urban,54823,28169,26654,52687,27111,25576,1663,822,841,394,195,199,8,6,2,1,1,0,0,0,0,1,1,0,69,33,36
C0101,33,608,05738,803457,Konganapuram (TP),Urban,9286,4721,4565,9195,4676,4519,21,11,10,61,28,33,1,1,0,0,0,0,0,0,0,0,0,0,8,5,3
C0101,33,608,05739,000000,Sub-District - Sankari,Total,241783,125250,116533,237000,122870,114130,1972,968,1004,2385,1181,1204,26,13,13,11,6,5,7,4,3,5,4,1,377,204,173
C0101,33,608,05739,000000,Sub-District - Sankari,Rural,131347,67841,63506,129364,66871,62493,417,205,212,1254,598,656,19,10,9,7,4,3,4,2,2,2,2,0,280,149,131
C0101,33,608,05739,000000,Sub-District - Sankari,Urban,110436,57409,53027,107636,55999,51637,1555,763,792,1131,583,548,7,3,4,4,2,2,3,2,1,3,2,1,97,55,42
C0101,33,608,05739,633955,Thappakuttai (CT),Urban,6986,3778,3208,6949,3754,3195,4,3,1,21,14,7,0,0,0,0,0,0,0,0,0,0,0,0,12,7,5
C0101,33,608,05739,633956,Naduvaneri (CT),Urban,8485,4463,4022,8395,4417,3978,55,24,31,28,17,11,0,0,0,0,0,0,3,2,1,0,0,0,4,3,1
C0101,33,608,05739,633957,Eranapuram (CT),Urban,8871,4567,4304,8762,4517,4245,58,27,31,45,20,25,1,1,0,0,0,0,0,0,0,0,0,0,5,2,3
C0101,33,608,05739,803458,Edaganasalai (TP),Urban,33245,17609,15636,32997,17491,15506,94,42,52,124,61,63,2,0,2,2,1,1,0,0,0,0,0,0,26,14,12
C0101,33,608,05739,803459,Arasiramani (TP),Urban,14834,7665,7169,14721,7610,7111,9,4,5,95,44,51,1,1,0,0,0,0,0,0,0,0,0,0,8,6,2
C0101,33,608,05739,803460,Thevur (TP),Urban,8548,4415,4133,8237,4257,3980,11,4,7,295,150,145,1,1,0,0,0,0,0,0,0,0,0,0,4,3,1
C0101,33,608,05739,803461,Sankari (TP),Urban,29467,14912,14555,27575,13953,13622,1324,659,665,523,277,246,2,0,2,2,1,1,0,0,0,3,2,1,38,20,18
C0101,33,608,05740,000000,Sub-District - Salem,Total,1272743,644713,628030,1179787,598616,581171,66134,32870,33264,22681,10977,11704,221,125,96,80,41,39,931,485,446,158,86,72,2751,1513,1238
C0101,33,608,05740,000000,Sub-District - Salem,Rural,217208,111901,105307,215539,111079,104460,574,278,296,936,466,470,12,8,4,5,1,4,2,2,0,12,7,5,128,60,68
C0101,33,608,05740,000000,Sub-District - Salem,Urban,1055535,532812,522723,964248,487537,476711,65560,32592,32968,21745,10511,11234,209,117,92,75,40,35,929,483,446,146,79,67,2623,1453,1170
C0101,33,608,05740,634053,Kondappanaickenpatti (CT),Urban,6892,3467,3425,6564,3306,3258,69,35,34,248,119,129,10,7,3,0,0,0,0,0,0,0,0,0,1,0,1
C0101,33,608,05740,634054,Dasanaickenpatti (CT),Urban,5857,2938,2919,5640,2829,2811,189,94,95,28,15,13,0,0,0,0,0,0,0,0,0,0,0,0,0,0,0
C0101,33,608,05740,634055,Mallamooppampatti (CT),Urban,10199,5234,4965,10015,5144,4871,70,36,34,113,54,59,0,0,0,0,0,0,0,0,0,0,0,0,1,0,1
C0101,33,608,05740,634056,Dalavaipatti (CT),Urban,7732,4001,3731,7646,3954,3692,33,20,13,47,24,23,0,0,0,0,0,0,5,3,2,0,0,0,1,0,1
C0101,33,608,05740,634057,Majaragollappatti (CT),Urban,4727,2451,2276,4677,2426,2251,30,15,15,16,7,9,0,0,0,0,0,0,0,0,0,1,0,1,3,3,0
C0101,33,608,05740,634058,Maramangalathupatti (CT),Urban,12448,6383,6065,11951,6138,5813,116,58,58,374,183,191,0,0,0,0,0,0,5,3,2,0,0,0,2,1,1
C0101,33,608,05740,634059,Tirumalaigiri (CT),Urban,4107,2093,2014,4074,2077,1997,14,7,7,16,7,9,0,0,0,0,0,0,0,0,0,1,0,1,2,2,0
C0101,33,608,05740,634060,Selathampatti (CT),Urban,6659,3417,3242,6285,3239,3046,262,126,136,110,50,60,0,0,0,0,0,0,0,0,0,1,1,0,1,1,0
C0101,33,608,05740,634061,Sanniyasigundu (CT),Urban,7823,3945,3878,6422,3242,3180,1223,601,622,140,75,65,0,0,0,1,1,0,0,0,0,0,0,0,37,26,11
C0101,33,608,05740,634062,Erumapalayam (CT),Urban,10220,5312,4908,9809,5092,4717,287,147,140,92,55,37,1,0,1,0,0,0,0,0,0,0,0,0,31,18,13
C0101,33,608,05740,634063,Kondalampatti (CT),Urban,20318,10405,9913,19838,10139,9699,219,108,111,129,63,66,0,0,0,0,0,0,1,0,1,0,0,0,131,95,36
C0101,33,608,05740,634064,Puthur Agraharam (CT),Urban,11173,5801,5372,10986,5696,5290,42,20,22,92,48,44,0,0,0,0,0,0,0,0,0,1,1,0,52,36,16
C0101,33,608,05740,634065,Neykkarappatti (CT),Urban,12090,6069,6021,11830,5953,5877,61,25,36,121,27,94,0,0,0,0,0,0,2,1,1,0,0,0,76,63,13
C0101,33,608,05740,634066,Kalparapatti (CT),Urban,5046,2644,2402,5012,2619,2393,9,4,5,0,0,0,0,0,0,0,0,0,0,0,0,0,0,0,25,21,4
C0101,33,608,05740,634067,Perumagoundampatti (CT),Urban,7796,4056,3740,7521,3879,3642,105,62,43,28,13,15,2,0,2,0,0,0,0,0,0,0,0,0,140,102,38
C0101,33,608,05740,634068,Vembadithalam (CT),Urban,7331,3742,3589,7187,3642,3545,36,21,15,11,5,6,12,8,4,0,0,0,0,0,0,0,0,0,85,66,19
C0101,33,608,05740,634069,Rajapalayam (CT),Urban,5807,3014,2793,5731,2961,2770,5,3,2,4,0,4,1,1,0,0,0,0,0,0,0,0,0,0,66,49,17
C0101,33,608,05740,634070,Chennagiri (CT),Urban,5338,2761,2577,5265,2709,2556,0,0,0,15,7,8,1,1,0,0,0,0,0,0,0,0,0,0,57,44,13
C0101,33,608,05740,634071,Papparapatti (CT),Urban,9592,4940,4652,9360,4790,4570,19,10,9,28,15,13,1,1,0,0,0,0,0,0,0,1,0,1,183,124,59
C0101,33,608,05740,803462,Kannankurichi (TP),Urban,19765,9995,9770,19251,9740,9511,183,90,93,316,158,158,2,1,1,1,0,1,1,1,0,0,0,0,11,5,6
C0101,33,608,05740,803463,Salem (M Corp.),Urban,829267,417317,411950,744630,375519,369111,62033,30836,31197,19608,9489,10119,176,95,81,73,39,34,915,475,440,141,77,64,1691,787,904
C0101,33,608,05740,803464,Ilampillai (TP),Urban,11797,6013,5784,11372,5798,5574,373,190,183,48,22,26,1,1,0,0,0,0,0,0,0,0,0,0,3,2,1
C0101,33,608,05740,803465,Panaimarathupatti (TP),Urban,9368,4663,4705,9214,4592,4622,55,26,29,96,45,51,0,0,0,0,0,0,0,0,0,0,0,0,3,0,3
C0101,33,608,05740,803466,Mallur (TP),Urban,10331,5112,5219,10226,5067,5159,76,34,42,14,5,9,2,2,0,0,0,0,0,0,0,0,0,0,13,4,9
C0101,33,608,05740,803467,Attayampatti (TP),Urban,13852,7039,6813,13742,6986,6756,51,24,27,51,25,26,0,0,0,0,0,0,0,0,0,0,0,0,8,4,4
C0101,33,608,05741,000000,Sub-District - Yercaud,Total,41869,21070,20799,37634,18982,18652,380,194,186,3804,1867,1937,2,1,1,21,11,10,1,1,0,1,0,1,26,14,12
C0101,33,608,05741,000000,Sub-District - Yercaud,Rural,30287,15202,15085,29171,14645,14526,90,43,47,997,500,497,2,1,1,6,4,2,0,0,0,1,0,1,20,9,11
C0101,33,608,05741,000000,Sub-District - Yercaud,Urban,11582,5868,5714,8463,4337,4126,290,151,139,2807,1367,1440,0,0,0,15,7,8,1,1,0,0,0,0,6,5,1
C0101,33,608,05741,634158,Yercaud (CT),Urban,11582,5868,5714,8463,4337,4126,290,151,139,2807,1367,1440,0,0,0,15,7,8,1,1,0,0,0,0,6,5,1
C0101,33,608,05742,000000,Sub-District - Vazhapadi,Total,195412,98681,96731,190032,96044,93988,2033,1011,1022,3206,1561,1645,16,10,6,13,4,9,1,1,0,4,1,3,107,49,58
C0101,33,608,05742,000000,Sub-District - Vazhapadi,Rural,148502,75050,73452,145460,73585,71875,337,166,171,2607,1254,1353,9,7,2,13,4,9,1,1,0,3,1,2,72,32,40
C0101,33,608,05742,000000,Sub-District - Vazhapadi,Urban,46910,23631,23279,44572,22459,22113,1696,845,851,599,307,292,7,3,4,0,0,0,0,0,0,1,0,1,35,17,18
C0101,33,608,05742,634225,Masinaickenpatty (CT),Urban,9098,4695,4403,8883,4578,4305,95,49,46,111,65,46,1,0,1,0,0,0,0,0,0,0,0,0,8,3,5
C0101,33,608,05742,803468,Belur (TP),Urban,8736,4367,4369,7607,3802,3805,1079,544,535,45,18,27,2,1,1,0,0,0,0,0,0,0,0,0,3,2,1
C0101,33,608,05742,803469,Vazhapadi (TP),Urban,17559,8843,8716,16743,8446,8297,458,222,236,338,165,173,1,1,0,0,0,0,0,0,0,1,0,1,18,9,9
C0101,33,608,05742,803470,Ayothiapattinam (TP),Urban,11517,5726,5791,11339,5633,5706,64,30,34,105,59,46,3,1,2,0,0,0,0,0,0,0,0,0,6,3,3
C0101,33,608,05743,000000,Sub-District - Attur,Total,430949,217058,213891,418398,210857,207541,8998,4504,4494,3021,1442,1579,56,37,19,7,4,3,28,15,13,16,8,8,425,191,234
C0101,33,608,05743,000000,Sub-District - Attur,Rural,307218,155480,151738,302451,153105,149346,3209,1640,1569,1205,572,633,14,10,4,3,1,2,4,2,2,14,7,7,318,143,175
C0101,33,608,05743,000000,Sub-District - Attur,Urban,123731,61578,62153,115947,57752,58195,5789,2864,2925,1816,870,946,42,27,15,4,3,1,24,13,11,2,1,1,107,48,59
C0101,33,608,05743,803471,Pethanaickenpalayam (TP),Urban,17678,8768,8910,17338,8600,8738,297,149,148,32,15,17,0,0,0,0,0,0,0,0,0,0,0,0,11,4,7
C0101,33,608,05743,803472,Ethapur (TP),Urban,10968,5535,5433,10778,5433,5345,111,59,52,72,41,31,0,0,0,0,0,0,0,0,0,0,0,0,7,2,5
C0101,33,608,05743,803473,Attur (M),Urban,61793,30578,31215,56045,27752,28293,4472,2205,2267,1162,561,601,17,9,8,4,3,1,24,13,11,2,1,1,67,34,33
C0101,33,608,05743,803474,Narasingapuram (M),Urban,23084,11523,11561,21690,10849,10841,867,429,438,493,224,269,24,17,7,0,0,0,0,0,0,0,0,0,10,4,6
C0101,33,608,05743,803475,Keeripatti (TP),Urban,10208,5174,5034,10096,5118,4978,42,22,20,57,29,28,1,1,0,0,0,0,0,0,0,0,0,0,12,4,8
C0101,33,608,05744,000000,Sub-District - Gangavalli,Total,161302,80701,80601,151062,75700,75362,5308,2577,2731,4739,2325,2414,5,3,2,7,7,0,3,2,1,4,4,0,174,83,91
C0101,33,608,05744,000000,Sub-District - Gangavalli,Rural,93622,47068,46554,92207,46375,45832,668,326,342,595,294,301,2,1,1,4,4,0,1,0,1,3,3,0,142,65,77
C0101,33,608,05744,000000,Sub-District - Gangavalli,Urban,67680,33633,34047,58855,29325,29530,4640,2251,2389,4144,2031,2113,3,2,1,3,3,0,2,2,0,1,1,0,32,18,14
C0101,33,608,05744,803476,Veeraganur ((TP),Urban,11624,5736,5888,11125,5501,5624,390,182,208,105,52,53,1,0,1,0,0,0,0,0,0,0,0,0,3,1,2
C0101,33,608,05744,803477,Thedavur (TP),Urban,8230,4158,4072,8119,4107,4012,60,23,37,48,26,22,1,1,0,0,0,0,0,0,0,0,0,0,2,1,1
C0101,33,608,05744,803478,Gangavalli (TP),Urban,12015,5907,6108,10122,5000,5122,1460,703,757,421,196,225,0,0,0,2,2,0,2,2,0,0,0,0,8,4,4
C0101,33,608,05744,803479,Thammampatti (TP),Urban,21503,10765,10738,16622,8346,8276,2346,1163,1183,2515,1243,1272,1,1,0,0,0,0,0,0,0,1,1,0,18,11,7
C0101,33,608,05744,803480,Sentharapatti (TP),Urban,14308,7067,7241,12867,6371,6496,384,180,204,1055,514,541,0,0,0,1,1,0,0,0,0,0,0,0,1,1,0
C0101,33,609,00000,000000,District - Namakkal   ,Total,1726601,869280,857321,1673652,842438,831214,32483,16350,16133,16909,8342,8567,183,103,80,108,62,46,84,51,33,199,77,122,2983,1857,1126
C0101,33,609,00000,000000,District - Namakkal   ,Rural,1030476,520684,509792,1009301,509581,499720,10278,5334,4944,8141,4061,4080,100,58,42,83,51,32,65,42,23,161,58,103,2347,1499,848
C0101,33,609,00000,000000,District - Namakkal   ,Urban,696125,348596,347529,664351,332857,331494,22205,11016,11189,8768,4281,4487,83,45,38,25,11,14,19,9,10,38,19,19,636,358,278
C0101,33,609,05745,000000,Sub-District - Tiruchengode,Total,631507,316604,314903,609334,305366,303968,12335,6223,6112,7799,3692,4107,57,35,22,52,29,23,25,18,7,147,52,95,1758,1189,569
C0101,33,609,05745,000000,Sub-District - Tiruchengode,Rural,305765,152293,153472,295658,147000,148658,5486,2814,2672,2872,1300,1572,29,19,10,36,23,13,20,16,4,137,45,92,1527,1076,451
C0101,33,609,05745,000000,Sub-District - Tiruchengode,Urban,325742,164311,161431,313676,158366,155310,6849,3409,3440,4927,2392,2535,28,16,12,16,6,10,5,2,3,10,7,3,231,113,118
C0101,33,609,05745,634470,Thathankuttai (CT),Urban,24708,12634,12074,23151,11880,11271,171,111,60,1373,638,735,2,1,1,6,2,4,0,0,0,0,0,0,5,2,3
C0101,33,609,05745,634471,Ellandaikuttai (CT),Urban,16160,8258,7902,15789,8072,7717,103,50,53,267,136,131,0,0,0,1,0,1,0,0,0,0,0,0,0,0,0
C0101,33,609,05745,634472,Periyamanali (CT),Urban,6878,3563,3315,6854,3550,3304,13,9,4,11,4,7,0,0,0,0,0,0,0,0,0,0,0,0,0,0,0
C0101,33,609,05745,634473,Pallipalayam Agraharam (CT),Urban,16479,8436,8043,15969,8181,7788,308,150,158,181,88,93,2,1,1,1,1,0,0,0,0,1,1,0,17,14,3
C0101,33,609,05745,634474,Pudupalayam Agraharam (CT),Urban,5704,2898,2806,5511,2795,2716,96,52,44,92,49,43,0,0,0,0,0,0,0,0,0,0,0,0,5,2,3
C0101,33,609,05745,803481,Mallasamudram (TP),Urban,18007,9104,8903,17573,8890,8683,289,142,147,124,60,64,5,4,1,1,1,0,0,0,0,0,0,0,15,7,8
C0101,33,609,05745,803482,Kumarapalayam (M),Urban,71594,35906,35688,69531,34876,34655,1129,568,561,877,429,448,2,1,1,2,1,1,1,0,1,1,0,1,51,31,20
C0101,33,609,05745,803483,Padaiveedu (TP),Urban,10451,5238,5213,10310,5173,5137,23,9,14,112,53,59,0,0,0,0,0,0,2,2,0,0,0,0,4,1,3
C0101,33,609,05745,803484,Tiruchengode (M),Urban,95335,47810,47525,91410,45874,45536,2811,1387,1424,1000,499,501,15,8,7,3,1,2,2,0,2,2,2,0,92,39,53
C0101,33,609,05745,803485,Alampalayam (TP),Urban,20286,10264,10022,19416,9839,9577,375,186,189,492,239,253,1,0,1,1,0,1,0,0,0,0,0,0,1,0,1
C0101,33,609,05745,803486,Pallipalayam (M),Urban,40140,20200,19940,38162,19236,18926,1531,745,786,398,197,201,1,1,0,1,0,1,0,0,0,6,4,2,41,17,24
C0101,33,609,05746,000000,Sub-District - Rasipuram,Total,340515,173456,167059,332081,169247,162834,4836,2437,2399,3107,1514,1593,26,12,14,20,16,4,10,7,3,18,9,9,417,214,203
C0101,33,609,05746,000000,Sub-District - Rasipuram,Rural,204652,106080,98572,201566,104466,97100,788,459,329,1906,953,953,12,7,5,17,14,3,9,6,3,5,3,2,349,172,177
C0101,33,609,05746,000000,Sub-District - Rasipuram,Urban,135863,67376,68487,130515,64781,65734,4048,1978,2070,1201,561,640,14,5,9,3,2,1,1,1,0,13,6,7,68,42,26
C0101,33,609,05746,803487,Vennanthur (TP),Urban,14568,7427,7141,13991,7154,6837,511,243,268,60,27,33,0,0,0,0,0,0,0,0,0,3,1,2,3,2,1
C0101,33,609,05746,803488,Athanur (TP),Urban,9827,4959,4868,9735,4907,4828,43,22,21,40,24,16,1,0,1,0,0,0,0,0,0,0,0,0,8,6,2
C0101,33,609,05746,803489,R.Pudupatti (TP),Urban,7478,3781,3697,7447,3765,3682,18,11,7,7,3,4,0,0,0,0,0,0,0,0,0,3,1,2,3,1,2
C0101,33,609,05746,803490,Namagiripettai (TP),Urban,21250,10704,10546,20788,10476,10312,368,186,182,80,34,46,3,2,1,0,0,0,0,0,0,2,1,1,9,5,4
C0101,33,609,05746,803491,Seerapalli (TP),Urban,12403,6250,6153,12318,6207,6111,54,26,28,27,16,11,1,0,1,0,0,0,0,0,0,1,1,0,2,0,2
C0101,33,609,05746,803492,Pattinam (TP),Urban,8912,4514,4398,8825,4462,4363,12,7,5,54,30,24,1,0,1,0,0,0,0,0,0,2,0,2,18,15,3
C0101,33,609,05746,803493,Rasipuram (M),Urban,50244,24188,26056,46292,22288,24004,3025,1474,1551,897,408,489,6,2,4,3,2,1,1,1,0,2,2,0,18,11,7
C0101,33,609,05746,803494,Pillanallur (TP),Urban,11181,5553,5628,11119,5522,5597,17,9,8,36,19,17,2,1,1,0,0,0,0,0,0,0,0,0,7,2,5
C0101,33,609,05747,000000,Sub-District - Namakkal,Total,541488,272644,268844,523330,263371,259959,12536,6293,6243,4994,2631,2363,41,21,20,20,7,13,37,18,19,19,8,11,511,295,216
C0101,33,609,05747,000000,Sub-District - Namakkal,Rural,379010,191638,187372,372266,188085,184181,3496,1803,1693,2902,1568,1334,31,16,15,17,6,11,27,14,13,9,4,5,262,142,120
C0101,33,609,05747,000000,Sub-District - Namakkal,Urban,162478,81006,81472,151064,75286,75778,9040,4490,4550,2092,1063,1029,10,5,5,3,1,2,10,4,6,10,4,6,249,153,96
C0101,33,609,05747,634702,Nallipalayam (CT),Urban,5078,2515,2563,5002,2472,2530,38,22,16,36,20,16,0,0,0,0,0,0,0,0,0,0,0,0,2,1,1
C0101,33,609,05747,634703,Chinnamudalaipatti (CT),Urban,8928,4462,4466,8614,4304,4310,195,103,92,107,53,54,0,0,0,1,0,1,0,0,0,0,0,0,11,2,9
C0101,33,609,05747,634704,Kosavampatti (CT),Urban,10356,5168,5188,9833,4905,4928,408,210,198,109,50,59,0,0,0,0,0,0,0,0,0,0,0,0,6,3,3
C0101,33,609,05747,634705,Periyapatti (CT),Urban,15690,7875,7815,15098,7581,7517,397,200,197,170,81,89,3,2,1,0,0,0,2,1,1,4,3,1,16,7,9
C0101,33,609,05747,634706,Kondichettipatti (CT),Urban,10300,5185,5115,9784,4933,4851,319,160,159,180,85,95,0,0,0,1,0,1,0,0,0,2,1,1,14,6,8
C0101,33,609,05747,803495,Kalappanaickenpatti (TP),Urban,10831,5444,5387,10699,5376,5323,119,62,57,11,5,6,1,0,1,0,0,0,1,1,0,0,0,0,0,0,0
C0101,33,609,05747,803496,Senthamangalam (TP),Urban,19750,9697,10053,18831,9272,9559,774,359,415,138,61,77,2,2,0,1,1,0,1,0,1,0,0,0,3,2,1
C0101,33,609,05747,803497,Namakkal (M),Urban,55145,27366,27779,49066,24377,24689,5125,2535,2590,814,385,429,4,1,3,0,0,0,6,2,4,4,0,4,126,66,60
C0101,33,609,05747,803498,Erumaipatti (TP),Urban,12085,6299,5786,10353,5331,5022,1283,648,635,384,255,129,0,0,0,0,0,0,0,0,0,0,0,0,65,65,0
C0101,33,609,05747,803499,Mohanur (TP),Urban,14315,6995,7320,13784,6735,7049,382,191,191,143,68,75,0,0,0,0,0,0,0,0,0,0,0,0,6,1,5
C0101,33,609,05748,000000,Sub-District - Paramathi-Velur,Total,213091,106576,106515,208907,104454,104453,2776,1397,1379,1009,505,504,59,35,24,16,10,6,12,8,4,15,8,7,297,159,138
C0101,33,609,05748,000000,Sub-District - Paramathi-Velur,Rural,141049,70673,70376,139811,70030,69781,508,258,250,461,240,221,28,16,12,13,8,5,9,6,3,10,6,4,209,109,100
C0101,33,609,05748,000000,Sub-District - Paramathi-Velur,Urban,72042,35903,36139,69096,34424,34672,2268,1139,1129,548,265,283,31,19,12,3,2,1,3,2,1,5,2,3,88,50,38
C0101,33,609,05748,803500,Paramathi (TP),Urban,11986,6022,5964,10737,5414,5323,905,441,464,337,164,173,4,3,1,0,0,0,0,0,0,0,0,0,3,0,3
C0101,33,609,05748,803501,Velur (TP),Urban,25012,12417,12595,23891,11831,12060,981,513,468,113,58,55,23,14,9,0,0,0,0,0,0,2,1,1,2,0,2
C0101,33,609,05748,803502,Pothanur (TP),Urban,18455,9254,9201,18002,9025,8977,287,140,147,82,38,44,4,2,2,1,1,0,2,2,0,3,1,2,74,45,29
C0101,33,609,05748,803503,Venkarai (TP),Urban,9330,4565,4765,9310,4556,4754,3,3,0,13,5,8,0,0,0,2,1,1,1,0,1,0,0,0,1,0,1
C0101,33,609,05748,803504,Pandamangalam (TP),Urban,7259,3645,3614,7156,3598,3558,92,42,50,3,0,3,0,0,0,0,0,0,0,0,0,0,0,0,8,5,3
C0101,33,610,00000,000000,District - Erode,Total,2251744,1129868,1121876,2115455,1062604,1052851,76098,37833,38265,55899,27294,28605,435,242,193,148,73,75,639,324,315,157,72,85,2913,1426,1487
C0101,33,610,00000,000000,District - Erode,Rural,1093768,552393,541375,1062525,536938,525587,9481,4739,4742,19886,9753,10133,152,90,62,55,26,29,41,22,19,67,29,38,1561,796,765
C0101,33,610,00000,000000,District - Erode,Urban,1157976,577475,580501,1052930,525666,527264,66617,33094,33523,36013,17541,18472,283,152,131,93,47,46,598,302,296,90,43,47,1352,630,722
C0101,33,610,05749,000000,Sub-District - Sathyamangalam,Total,327441,164469,162972,307664,154685,152979,9306,4669,4637,9870,4832,5038,69,35,34,11,6,5,8,5,3,16,7,9,497,230,267
C0101,33,610,05749,000000,Sub-District - Sathyamangalam,Rural,236139,118827,117312,225565,113665,111900,3461,1717,1744,6647,3229,3418,36,16,20,6,3,3,8,5,3,14,5,9,402,187,215
C0101,33,610,05749,000000,Sub-District - Sathyamangalam,Urban,91302,45642,45660,82099,41020,41079,5845,2952,2893,3223,1603,1620,33,19,14,5,3,2,0,0,0,2,2,0,95,43,52
C0101,33,610,05749,803505,Sathyamangalam (M),Urban,37816,18848,18968,32632,16238,16394,3861,1966,1895,1291,630,661,7,4,3,2,1,1,0,0,0,1,1,0,22,8,14
C0101,33,610,05749,803506,Kembainaickenpalayam (TP),Urban,11103,5622,5481,11025,5585,5440,42,18,24,21,9,12,3,3,0,1,1,0,0,0,0,1,1,0,10,5,5
C0101,33,610,05749,803507,Ariyappampalayam (TP),Urban,15706,7809,7897,14807,7379,7428,381,178,203,474,229,245,10,7,3,0,0,0,0,0,0,0,0,0,34,16,18
C0101,33,610,05749,803508,Bhavanisagar (TP),Urban,7710,3893,3817,6557,3289,3268,108,58,50,1031,539,492,12,5,7,1,1,0,0,0,0,0,0,0,1,1,0
C0101,33,610,05749,803509,Punjaipuliampatti (M),Urban,18967,9470,9497,17078,8529,8549,1453,732,721,406,196,210,1,0,1,1,0,1,0,0,0,0,0,0,28,13,15
C0101,33,610,05750,000000,Sub-District - Bhavani,Total,459517,233314,226203,444649,225906,218743,6315,3125,3190,7969,3964,4005,43,27,16,17,4,13,11,5,6,24,11,13,489,272,217
C0101,33,610,05750,000000,Sub-District - Bhavani,Rural,314125,160290,153835,306817,156614,150203,1951,982,969,4965,2465,2500,36,22,14,11,2,9,10,5,5,12,5,7,323,195,128
C0101,33,610,05750,000000,Sub-District - Bhavani,Urban,145392,73024,72368,137832,69292,68540,4364,2143,2221,3004,1499,1505,7,5,2,6,2,4,1,0,1,12,6,6,166,77,89
C0101,33,610,05750,634896,Kuruppanaickenpalayam (CT),Urban,7484,3746,3738,7229,3608,3621,54,29,25,199,108,91,0,0,0,0,0,0,0,0,0,1,0,1,1,1,0
C0101,33,610,05750,803510,Nerunjipettai (TP),Urban,6791,3446,3345,6160,3139,3021,87,41,46,542,264,278,0,0,0,0,0,0,0,0,0,0,0,0,2,2,0
C0101,33,610,05750,803511,Ammapettai (TP),Urban,9677,4879,4798,9081,4586,4495,225,107,118,358,179,179,1,1,0,1,0,1,0,0,0,0,0,0,11,6,5
C0101,33,610,05750,803512,Anthiyur (TP),Urban,21086,10633,10453,19573,9897,9676,963,480,483,489,229,260,2,1,1,0,0,0,1,0,1,2,0,2,56,26,30
C0101,33,610,05750,803513,Olagadam (TP),Urban,9958,5062,4896,9188,4695,4493,751,360,391,13,5,8,0,0,0,1,0,1,0,0,0,0,0,0,5,2,3
C0101,33,610,05750,803514,Athani (TP),Urban,8430,4207,4223,8361,4173,4188,5,3,2,60,28,32,0,0,0,0,0,0,0,0,0,0,0,0,4,3,1
C0101,33,610,05750,803515,Jambai (TP),Urban,16522,8330,8192,15898,8010,7888,504,261,243,100,49,51,0,0,0,0,0,0,0,0,0,0,0,0,20,10,10
C0101,33,610,05750,803516,Appakudal (TP),Urban,10610,5309,5301,10202,5113,5089,82,40,42,278,139,139,0,0,0,3,1,2,0,0,0,0,0,0,45,16,29
C0101,33,610,05750,803517,Bhavani (M),Urban,39225,19559,19666,36610,18254,18356,1663,810,853,921,476,445,4,3,1,0,0,0,0,0,0,9,6,3,18,10,8
C0101,33,610,05750,803518,Salangapalayam (TP),Urban,15609,7853,7756,15530,7817,7713,30,12,18,44,22,22,0,0,0,1,1,0,0,0,0,0,0,0,4,1,3
C0101,33,610,05751,000000,Sub-District - Gobichettipalayam,Total,376351,186691,189660,361309,179395,181914,7721,3749,3972,6413,3087,3326,69,41,28,25,15,10,6,3,3,24,12,12,784,389,395
C0101,33,610,05751,000000,Sub-District - Gobichettipalayam,Rural,216970,108286,108684,212505,106094,106411,1557,756,801,2307,1125,1182,48,30,18,13,7,6,6,3,3,10,7,3,524,264,260
C0101,33,610,05751,000000,Sub-District - Gobichettipalayam,Urban,159381,78405,80976,148804,73301,75503,6164,2993,3171,4106,1962,2144,21,11,10,12,8,4,0,0,0,14,5,9,260,125,135
C0101,33,610,05751,803519,Periyakodiveri (TP),Urban,12330,6181,6149,11464,5751,5713,83,40,43,772,382,390,0,0,0,0,0,0,0,0,0,0,0,0,11,8,3
C0101,33,610,05751,803520,Vaniputhur (TP),Urban,12044,5937,6107,11415,5648,5767,452,210,242,107,50,57,5,1,4,10,8,2,0,0,0,0,0,0,55,20,35
C0101,33,610,05751,803521,Lakkampatti (TP),Urban,11716,5850,5866,10395,5202,5193,820,401,419,482,235,247,0,0,0,0,0,0,0,0,0,0,0,0,19,12,7
C0101,33,610,05751,803522,Kasipalayam (G) (TP),Urban,9093,4498,4595,8771,4341,4430,227,109,118,68,35,33,1,1,0,0,0,0,0,0,0,1,0,1,25,12,13
C0101,33,610,05751,803523,Gobichettipalayam (M),Urban,59523,28866,30657,53733,26057,27676,4231,2068,2163,1499,709,790,11,6,5,0,0,0,0,0,0,13,5,8,36,21,15
C0101,33,610,05751,803524,Kuhalur (TP),Urban,11753,5765,5988,11623,5705,5918,94,41,53,32,17,15,2,2,0,0,0,0,0,0,0,0,0,0,2,0,2
C0101,33,610,05751,803525,P.Mettupalayam (TP),Urban,9109,4504,4605,9057,4475,4582,15,8,7,31,16,15,0,0,0,0,0,0,0,0,0,0,0,0,6,5,1
C0101,33,610,05751,803526,Elathur (TP),Urban,7827,3876,3951,7720,3821,3899,3,3,0,93,45,48,1,1,0,0,0,0,0,0,0,0,0,0,10,6,4
C0101,33,610,05751,803527,Kolappalur (TP),Urban,9607,4798,4809,9256,4620,4636,16,8,8,303,156,147,0,0,0,0,0,0,0,0,0,0,0,0,32,14,18
C0101,33,610,05751,803528,Nambiyur (TP),Urban,16379,8130,8249,15370,7681,7689,223,105,118,719,317,402,1,0,1,2,0,2,0,0,0,0,0,0,64,27,37
C0101,33,610,05752,000000,Sub-District - Perundurai,Total,266106,134270,131836,253692,128107,125585,4293,2177,2116,7748,3800,3948,38,20,18,20,9,11,11,4,7,21,9,12,283,144,139
C0101,33,610,05752,000000,Sub-District - Perundurai,Rural,141367,72507,68860,136909,70202,66707,808,480,328,3460,1726,1734,15,10,5,3,3,0,7,3,4,9,4,5,156,79,77
C0101,33,610,05752,000000,Sub-District - Perundurai,Urban,124739,61763,62976,116783,57905,58878,3485,1697,1788,4288,2074,2214,23,10,13,17,6,11,4,1,3,12,5,7,127,65,62
C0101,33,610,05752,635019,Vijayapuri (CT),Urban,7222,3636,3586,6704,3382,3322,104,48,56,410,204,206,2,1,1,0,0,0,0,0,0,0,0,0,2,1,1
C0101,33,610,05752,635020,Mukasipidariyur (CT),Urban,14143,7108,7035,13891,6991,6900,55,19,36,190,94,96,0,0,0,0,0,0,0,0,0,0,0,0,7,4,3
C0101,33,610,05752,635021,Ottapparai (CT),Urban,9493,4747,4746,9396,4694,4702,40,23,17,48,25,23,5,3,2,0,0,0,0,0,0,0,0,0,4,2,2
C0101,33,610,05752,803529,Pallapalayam (TP),Urban,7263,3624,3639,6576,3309,3267,8,5,3,666,305,361,1,0,1,0,0,0,0,0,0,1,0,1,11,5,6
C0101,33,610,05752,803530,Kanjikoil (TP),Urban,11294,5585,5709,10702,5285,5417,20,10,10,560,285,275,0,0,0,1,1,0,1,0,1,1,0,1,9,4,5
C0101,33,610,05752,803531,Nallampatti (TP),Urban,3874,1929,1945,3862,1922,1940,1,0,1,10,7,3,0,0,0,0,0,0,0,0,0,0,0,0,1,0,1
C0101,33,610,05752,803532,Pethampalayam (TP),Urban,7152,3557,3595,7028,3495,3533,4,2,2,111,54,57,0,0,0,0,0,0,0,0,0,0,0,0,9,6,3
C0101,33,610,05752,803533,Karumandi Chellipalayam (TP),Urban,23868,11652,12216,21426,10510,10916,895,413,482,1510,714,796,10,4,6,3,0,3,1,1,0,5,1,4,18,9,9
C0101,33,610,05752,803534,Perundurai (TP),Urban,24930,12214,12716,22249,10879,11370,2017,1013,1004,627,307,320,3,0,3,13,5,8,2,0,2,1,0,1,18,10,8
C0101,33,610,05752,803535,Chennimalai (TP),Urban,15500,7711,7789,14949,7438,7511,341,164,177,156,79,77,2,2,0,0,0,0,0,0,0,4,4,0,48,24,24
C0101,33,610,05753,000000,Sub-District - Erode,Total,822329,411124,411205,748141,374511,373630,48463,24113,24350,23899,11611,12288,216,119,97,75,39,36,603,307,296,72,33,39,860,391,469
C0101,33,610,05753,000000,Sub-District - Erode,Rural,185167,92483,92684,180729,90363,90366,1704,804,900,2507,1208,1299,17,12,5,22,11,11,10,6,4,22,8,14,156,71,85
C0101,33,610,05753,000000,Sub-District - Erode,Urban,637162,318641,318521,567412,284148,283264,46759,23309,23450,21392,10403,10989,199,107,92,53,28,25,593,301,292,50,25,25,704,320,384
C0101,33,610,05753,635078,Mettunasuvanpalayam (CT),Urban,17240,8638,8602,16222,8120,8102,492,252,240,511,257,254,2,1,1,1,0,1,0,0,0,2,2,0,10,6,4
C0101,33,610,05753,635079,Thindal (CT),Urban,15440,7671,7769,14456,7199,7257,513,252,261,459,212,247,3,1,2,1,1,0,1,1,0,0,0,0,7,5,2
C0101,33,610,05753,803536,Suriyampalayam (TP),Urban,28585,14305,14280,27134,13550,13584,740,383,357,686,363,323,9,5,4,2,0,2,1,0,1,6,3,3,7,1,6
C0101,33,610,05753,803537,Chithode (TP),Urban,8550,4261,4289,8310,4141,4169,99,51,48,136,66,70,0,0,0,0,0,0,1,1,0,0,0,0,4,2,2
C0101,33,610,05753,803538,Brahmana Periya Agraharam (TP),Urban,24798,12343,12455,14532,7258,7274,9555,4732,4823,700,348,352,5,1,4,1,0,1,0,0,0,0,0,0,5,4,1
C0101,33,610,05753,803539,Periyasemur (M),Urban,55282,28202,27080,51825,26485,25340,1847,935,912,1534,747,787,19,12,7,1,1,0,11,5,6,0,0,0,45,17,28
C0101,33,610,05753,803540,Nasiyanur (TP),Urban,10970,5445,5525,10670,5311,5359,90,39,51,199,93,106,3,1,2,0,0,0,0,0,0,0,0,0,8,1,7
C0101,33,610,05753,803541,Veerappanchatiram (M),Urban,84453,42398,42055,77960,39116,38844,4630,2333,2297,1810,914,896,23,14,9,4,4,0,0,0,0,1,1,0,25,16,9
C0101,33,610,05753,803542,Erode (M Corp.),Urban,157101,78222,78879,130625,65172,65453,19428,9681,9747,6185,2945,3240,92,48,44,26,13,13,561,284,277,10,5,5,174,74,100
C0101,33,610,05753,803543,Surampatti (M),Urban,41782,20987,20795,37203,18735,18468,3062,1510,1552,1441,707,734,5,2,3,6,2,4,7,4,3,1,0,1,57,27,30
C0101,33,610,05753,803544,Kasipalayam  (E) (M),Urban,73425,36976,36449,63070,31893,31177,3999,1998,2001,6052,2946,3106,27,16,11,5,4,1,6,3,3,14,7,7,252,109,143
C0101,33,610,05753,803545,Avalpoondurai (TP),Urban,11789,5813,5976,11266,5564,5702,43,24,19,457,215,242,2,2,0,0,0,0,3,1,2,0,0,0,18,7,11
C0101,33,610,05753,803546,Modakurichi (TP),Urban,9907,4931,4976,9840,4901,4939,14,7,7,49,22,27,0,0,0,0,0,0,0,0,0,1,0,1,3,1,2
C0101,33,610,05753,803547,Pasur (TP),Urban,3670,1796,1874,3652,1787,1865,3,1,2,15,8,7,0,0,0,0,0,0,0,0,0,0,0,0,0,0,0
C0101,33,610,05753,803548,Kilampadi (TP),Urban,6422,3167,3255,6195,3056,3139,25,14,11,197,94,103,1,0,1,2,2,0,1,1,0,0,0,0,1,0,1
C0101,33,610,05753,803549,Vellottamparappu (TP),Urban,7621,3769,3852,7465,3694,3771,89,43,46,55,26,29,2,2,0,0,0,0,0,0,0,0,0,0,10,4,6
C0101,33,610,05753,803550,Vadugapatti (TP),Urban,9657,4810,4847,9339,4651,4688,4,2,2,291,147,144,1,0,1,1,0,1,1,1,0,1,0,1,19,9,10
C0101,33,610,05753,803551,Arachalur (TP),Urban,12034,5941,6093,11861,5860,6001,26,9,17,127,60,67,1,0,1,0,0,0,0,0,0,0,0,0,19,12,7
C0101,33,610,05753,803552,Sivagiri (TP),Urban,17979,8909,9070,17624,8752,8872,143,61,82,199,88,111,1,1,0,0,0,0,0,0,0,6,4,2,6,3,3
C0101,33,610,05753,803553,Unjalur (TP),Urban,2482,1235,1247,2366,1180,1186,110,53,57,4,1,3,0,0,0,0,0,0,0,0,0,1,0,1,1,1,0
C0101,33,610,05753,803554,Kollankoil (TP),Urban,9196,4617,4579,9017,4529,4488,33,14,19,123,62,61,1,1,0,3,1,2,0,0,0,3,1,2,16,9,7
C0101,33,610,05753,803555,Vengampudur (TP),Urban,7443,3672,3771,6740,3329,3411,683,331,352,15,9,6,0,0,0,0,0,0,0,0,0,3,1,2,2,2,0
C0101,33,610,05753,803556,Kodumudi (TP),Urban,13225,6527,6698,11994,5895,6099,1087,561,526,128,61,67,2,0,2,0,0,0,0,0,0,1,1,0,13,9,4
C0101,33,610,05753,803557,Chennasamudram (TP),Urban,8111,4006,4105,8046,3970,4076,44,23,21,19,12,7,0,0,0,0,0,0,0,0,0,0,0,0,2,1,1
C0101,33,611,00000,000000,District - The Nilgiris,Total,735394,360143,375251,569477,279922,289555,78452,38185,40267,84610,40603,44007,338,184,154,382,181,201,910,467,443,87,42,45,1138,559,579
C0101,33,611,00000,000000,District - The Nilgiris,Rural,299739,145909,153830,258102,125734,132368,20509,9841,10668,20416,9989,10427,53,31,22,56,28,28,40,19,21,17,8,9,546,259,287
C0101,33,611,00000,000000,District - The Nilgiris,Urban,435655,214234,221421,311375,154188,157187,57943,28344,29599,64194,30614,33580,285,153,132,326,153,173,870,448,422,70,34,36,592,300,292
C0101,33,611,05754,000000,Sub-District - Panthalur,Total,125931,61637,64294,89875,44204,45671,22456,10734,11722,13361,6589,6772,27,17,10,19,8,11,5,1,4,11,6,5,177,78,99
C0101,33,611,05754,000000,Sub-District - Panthalur,Rural,81341,39726,41615,54268,26679,27589,16028,7614,8414,10826,5333,5493,20,12,8,18,8,10,5,1,4,11,6,5,165,73,92
C0101,33,611,05754,000000,Sub-District - Panthalur,Urban,44590,21911,22679,35607,17525,18082,6428,3120,3308,2535,1256,1279,7,5,2,1,0,1,0,0,0,0,0,0,12,5,7
C0101,33,611,05754,803558,Nelliyalam (M),Urban,44590,21911,22679,35607,17525,18082,6428,3120,3308,2535,1256,1279,7,5,2,1,0,1,0,0,0,0,0,0,12,5,7
C0101,33,611,05755,000000,Sub-District - Gudalur,Total,104768,51497,53271,63964,31620,32344,28172,13715,14457,12520,6111,6409,9,4,5,3,2,1,7,4,3,4,3,1,89,38,51
C0101,33,611,05755,000000,Sub-District - Gudalur,Rural,8336,4102,4234,6096,2998,3098,546,261,285,1687,840,847,0,0,0,0,0,0,0,0,0,0,0,0,7,3,4
C0101,33,611,05755,000000,Sub-District - Gudalur,Urban,96432,47395,49037,57868,28622,29246,27626,13454,14172,10833,5271,5562,9,4,5,3,2,1,7,4,3,4,3,1,82,35,47
C0101,33,611,05755,803559,Devarshola (TP),Urban,24954,12342,12612,14111,7078,7033,9085,4402,4683,1708,843,865,4,2,2,2,1,1,1,1,0,0,0,0,43,15,28
C0101,33,611,05755,803560,Gudalur (M),Urban,49535,24381,25154,29635,14590,15045,12885,6411,6474,6982,3365,3617,4,2,2,0,0,0,0,0,0,4,3,1,25,10,15
C0101,33,611,05755,803561,O' Valley (TP),Urban,21943,10672,11271,14122,6954,7168,5656,2641,3015,2143,1063,1080,1,0,1,1,1,0,6,3,3,0,0,0,14,10,4
C0101,33,611,05756,000000,Sub-District - Udhagamandalam,Total,191960,93663,98297,154207,75501,78706,14657,7246,7411,21988,10361,11627,40,20,20,270,123,147,364,184,180,17,7,10,417,221,196
C0101,33,611,05756,000000,Sub-District - Udhagamandalam,Rural,85280,41582,43698,80351,39151,41200,2302,1154,1148,2458,1192,1266,9,6,3,1,1,0,9,3,6,3,1,2,147,74,73
C0101,33,611,05756,000000,Sub-District - Udhagamandalam,Urban,106680,52081,54599,73856,36350,37506,12355,6092,6263,19530,9169,10361,31,14,17,269,122,147,355,181,174,14,6,8,270,147,123
C0101,33,611,05756,803562,Sholur (TP),Urban,9745,4750,4995,9231,4502,4729,178,90,88,326,152,174,3,1,2,1,1,0,5,3,2,0,0,0,1,1,0
C0101,33,611,05756,803563,Naduvattam (TP),Urban,8505,4249,4256,7712,3858,3854,357,184,173,412,198,214,2,2,0,1,0,1,0,0,0,0,0,0,21,7,14
C0101,33,611,05756,803564,Udhagamandalam (M),Urban,88430,43082,45348,56913,27990,28923,11820,5818,6002,18792,8819,9973,26,11,15,267,121,146,350,178,172,14,6,8,248,139,109
C0101,33,611,05757,000000,Sub-District - Kotagiri,Total,108684,52668,56016,95980,46610,49370,2949,1397,1552,9489,4532,4957,18,9,9,36,18,18,76,36,40,13,7,6,123,59,64
C0101,33,611,05757,000000,Sub-District - Kotagiri,Rural,66094,32157,33937,63145,30736,32409,543,263,280,2290,1103,1187,14,7,7,33,17,16,10,6,4,3,1,2,56,24,32
C0101,33,611,05757,000000,Sub-District - Kotagiri,Urban,42590,20511,22079,32835,15874,16961,2406,1134,1272,7199,3429,3770,4,2,2,3,1,2,66,30,36,10,6,4,67,35,32
C0101,33,611,05757,803565,Kotagiri (TP),Urban,28207,13607,14600,21902,10636,11266,1535,713,822,4635,2192,2443,4,2,2,3,1,2,66,30,36,5,4,1,57,29,28
C0101,33,611,05757,803566,Jagathala (TP),Urban,14383,6904,7479,10933,5238,5695,871,421,450,2564,1237,1327,0,0,0,0,0,0,0,0,0,5,2,3,10,6,4
C0101,33,611,05758,000000,Sub-District - Coonoor,Total,157744,78343,79401,121515,60806,60709,9284,4626,4658,26011,12420,13591,242,134,108,51,29,22,456,240,216,42,19,23,143,69,74
C0101,33,611,05758,000000,Sub-District - Coonoor,Rural,27131,13111,14020,24081,11627,12454,632,311,321,2360,1143,1217,8,6,2,1,1,0,14,7,7,0,0,0,35,16,19
C0101,33,611,05758,000000,Sub-District - Coonoor,Urban,130613,65232,65381,97434,49179,48255,8652,4315,4337,23651,11277,12374,234,128,106,50,28,22,442,233,209,42,19,23,108,53,55
C0101,33,611,05758,635115,Aravankad (TS) (CT),Urban,4438,2285,2153,3549,1828,1721,112,62,50,752,374,378,25,21,4,0,0,0,0,0,0,0,0,0,0,0,0
C0101,33,611,05758,635116,Hubbathala (CT),Urban,10852,5235,5617,9010,4366,4644,505,244,261,1301,607,694,3,1,2,1,0,1,0,0,0,1,0,1,31,17,14
C0101,33,611,05758,803567,Wellington (CB),Urban,19462,10867,8595,13182,7856,5326,1202,601,601,4887,2306,2581,168,84,84,11,10,1,2,2,0,0,0,0,10,8,2
C0101,33,611,05758,803568,Kethi (TP),Urban,23229,11476,11753,18497,9148,9349,675,346,329,4010,1963,2047,14,7,7,6,1,5,6,4,2,0,0,0,21,7,14
C0101,33,611,05758,803569,Adikaratti (TP),Urban,14178,6822,7356,13780,6623,7157,126,59,67,257,130,127,1,1,0,1,1,0,0,0,0,0,0,0,13,8,5
C0101,33,611,05758,803570,Coonoor (M),Urban,45494,22107,23387,28120,13724,14396,5918,2953,2965,10915,5151,5764,17,10,7,28,15,13,434,227,207,38,18,20,24,9,15
C0101,33,611,05758,803571,Huligal (TP),Urban,12960,6440,6520,11296,5634,5662,114,50,64,1529,746,783,6,4,2,3,1,2,0,0,0,3,1,2,9,4,5
C0101,33,611,05759,000000,Sub-District - Kundah,Total,46307,22335,23972,43936,21181,22755,934,467,467,1241,590,651,2,0,2,3,1,2,2,2,0,0,0,0,189,94,95
C0101,33,611,05759,000000,Sub-District - Kundah,Rural,31557,15231,16326,30161,14543,15618,458,238,220,795,378,417,2,0,2,3,1,2,2,2,0,0,0,0,136,69,67
C0101,33,611,05759,000000,Sub-District - Kundah,Urban,14750,7104,7646,13775,6638,7137,476,229,247,446,212,234,0,0,0,0,0,0,0,0,0,0,0,0,53,25,28
C0101,33,611,05759,803572,Bikketti (TP),Urban,5864,2824,3040,5649,2726,2923,108,51,57,82,37,45,0,0,0,0,0,0,0,0,0,0,0,0,25,10,15
C0101,33,611,05759,803573,Kilkunda (TP),Urban,8886,4280,4606,8126,3912,4214,368,178,190,364,175,189,0,0,0,0,0,0,0,0,0,0,0,0,28,15,13
C0101,33,612,00000,000000,District - Dindigul,Total,2159775,1080938,1078837,1879494,942472,937022,105012,52376,52636,169945,83394,86551,313,172,141,256,115,141,71,25,46,138,66,72,4546,2318,2228
C0101,33,612,00000,000000,District - Dindigul,Rural,1351735,678605,673130,1226289,616685,609604,29572,14611,14961,92288,45395,46893,170,100,70,96,47,49,30,10,20,86,42,44,3204,1715,1489
C0101,33,612,00000,000000,District - Dindigul,Urban,808040,402333,405707,653205,325787,327418,75440,37765,37675,77657,37999,39658,143,72,71,160,68,92,41,15,26,52,24,28,1342,603,739
C0101,33,612,05760,000000,Sub-District - Palani,Total,292301,145763,146538,264770,132196,132574,22292,11085,11207,4197,2001,2196,48,21,27,10,5,5,6,3,3,20,11,9,958,441,517
C0101,33,612,05760,000000,Sub-District - Palani,Rural,139078,69765,69313,135038,67811,67227,2242,1108,1134,1204,574,630,16,7,9,4,3,1,3,1,2,8,4,4,563,257,306
C0101,33,612,05760,000000,Sub-District - Palani,Urban,153223,75998,77225,129732,64385,65347,20050,9977,10073,2993,1427,1566,32,14,18,6,2,4,3,2,1,12,7,5,395,184,211
C0101,33,612,05760,635174,Chinnakalayamputhur (CT),Urban,5162,2537,2625,4963,2437,2526,117,57,60,77,38,39,1,1,0,0,0,0,0,0,0,0,0,0,4,4,0
C0101,33,612,05760,635175,Sivagiripatti (CT),Urban,17306,8675,8631,15578,7834,7744,1048,529,519,600,283,317,1,0,1,1,1,0,0,0,0,1,1,0,77,27,50
C0101,33,612,05760,803574,Keeranur (TP),Urban,7200,3507,3693,4692,2320,2372,2483,1175,1308,25,12,13,0,0,0,0,0,0,0,0,0,0,0,0,0,0,0
C0101,33,612,05760,803575,Neikkarapatti (TP),Urban,11753,5811,5942,9244,4569,4675,2460,1224,1236,42,17,25,1,0,1,1,0,1,0,0,0,0,0,0,5,1,4
C0101,33,612,05760,803576,Palani (M),Urban,70467,34827,35640,59690,29481,30209,8739,4379,4360,1719,809,910,8,3,5,4,1,3,3,2,1,11,6,5,293,146,147
C0101,33,612,05760,803577,Ayakudi (TP),Urban,27156,13533,13623,22860,11369,11491,4048,2039,2009,217,110,107,20,10,10,0,0,0,0,0,0,0,0,0,11,5,6
C0101,33,612,05760,803578,Balasamudram (TP),Urban,14179,7108,7071,12705,6375,6330,1155,574,581,313,158,155,1,0,1,0,0,0,0,0,0,0,0,0,5,1,4
C0101,33,612,05761,000000,Sub-District - Oddanchatram,Total,182600,91247,91353,174340,87233,87107,4784,2309,2475,3013,1485,1528,15,6,9,6,1,5,5,1,4,10,5,5,427,207,220
C0101,33,612,05761,000000,Sub-District - Oddanchatram,Rural,152536,76170,76366,147603,73819,73784,3062,1452,1610,1448,697,751,9,2,7,5,1,4,5,1,4,6,2,4,398,196,202
C0101,33,612,05761,000000,Sub-District - Oddanchatram,Urban,30064,15077,14987,26737,13414,13323,1722,857,865,1565,788,777,6,4,2,1,0,1,0,0,0,4,3,1,29,11,18
C0101,33,612,05761,803579,Oddanchatram (TP),Urban,30064,15077,14987,26737,13414,13323,1722,857,865,1565,788,777,6,4,2,1,0,1,0,0,0,4,3,1,29,11,18
C0101,33,612,05762,000000,Sub-District - Vedasandur,Total,324540,162656,161884,309170,155091,154079,7951,3838,4113,6923,3449,3474,34,25,9,12,7,5,6,2,4,20,12,8,424,232,192
C0101,33,612,05762,000000,Sub-District - Vedasandur,Rural,253469,127126,126343,242340,121634,120706,5016,2411,2605,5699,2847,2852,29,21,8,3,2,1,6,2,4,18,12,6,358,197,161
C0101,33,612,05762,000000,Sub-District - Vedasandur,Urban,71071,35530,35541,66830,33457,33373,2935,1427,1508,1224,602,622,5,4,1,9,5,4,0,0,0,2,0,2,66,35,31
C0101,33,612,05762,803580,Palayam (TP),Urban,15336,7715,7621,14571,7326,7245,194,94,100,553,286,267,0,0,0,6,3,3,0,0,0,0,0,0,12,6,6
C0101,33,612,05762,803581,Vedasandur (TP),Urban,11730,5831,5899,9037,4522,4515,2347,1138,1209,326,159,167,3,2,1,0,0,0,0,0,0,0,0,0,17,10,7
C0101,33,612,05762,803582,Eriodu (TP),Urban,8890,4454,4436,8801,4406,4395,40,23,17,28,13,15,0,0,0,0,0,0,0,0,0,0,0,0,21,12,9
C0101,33,612,05762,803583,Ayyalur (TP),Urban,17100,8555,8545,16841,8439,8402,163,80,83,84,32,52,0,0,0,2,1,1,0,0,0,1,0,1,9,3,6
C0101,33,612,05762,803584,Vadamadurai (TP),Urban,18015,8975,9040,17580,8764,8816,191,92,99,233,112,121,2,2,0,1,1,0,0,0,0,1,0,1,7,4,3
C0101,33,612,05763,000000,Sub-District - Natham,Total,158687,80037,78650,145048,73124,71924,10795,5512,5283,2179,1096,1083,38,15,23,6,4,2,2,1,1,11,5,6,608,280,328
C0101,33,612,05763,000000,Sub-District - Natham,Rural,135027,68264,66763,126741,64067,62674,5774,2956,2818,1876,947,929,35,13,22,6,4,2,1,1,0,9,5,4,585,271,314
C0101,33,612,05763,000000,Sub-District - Natham,Urban,23660,11773,11887,18307,9057,9250,5021,2556,2465,303,149,154,3,2,1,0,0,0,1,0,1,2,0,2,23,9,14
C0101,33,612,05763,803585,Natham (TP),Urban,23660,11773,11887,18307,9057,9250,5021,2556,2465,303,149,154,3,2,1,0,0,0,1,0,1,2,0,2,23,9,14
C0101,33,612,05764,000000,Sub-District - Dindigul,Total,639910,319535,320375,503079,252014,251065,39681,19850,19831,95960,47124,48836,95,56,39,112,47,65,24,10,14,33,14,19,926,420,506
C0101,33,612,05764,000000,Sub-District - Dindigul,Rural,291928,146267,145661,239804,120533,119271,6135,3062,3073,45553,22452,23101,38,27,11,55,24,31,2,1,1,24,12,12,317,156,161
C0101,33,612,05764,000000,Sub-District - Dindigul,Urban,347982,173268,174714,263275,131481,131794,33546,16788,16758,50407,24672,25735,57,29,28,57,23,34,22,9,13,9,2,7,609,264,345
C0101,33,612,05764,635409,Silapadi  (CT),Urban,17824,8966,8858,16450,8301,8149,316,150,166,1022,495,527,7,5,2,3,2,1,1,0,1,0,0,0,25,13,12
C0101,33,612,05764,635410,Chettinaickenpatti (CT),Urban,17701,8816,8885,16729,8321,8408,416,217,199,538,273,265,1,0,1,0,0,0,2,0,2,2,0,2,13,5,8
C0101,33,612,05764,635411,Kurumbapatti (CT),Urban,6182,3025,3157,5178,2555,2623,24,13,11,975,456,519,0,0,0,0,0,0,0,0,0,0,0,0,5,1,4
C0101,33,612,05764,635412,Balakrishnapuram (CT),Urban,25627,12965,12662,20570,10464,10106,1014,527,487,3747,1854,1893,6,5,1,10,4,6,1,0,1,0,0,0,279,111,168
C0101,33,612,05764,635413,Adiyanuthu (CT),Urban,17851,8904,8947,13504,6776,6728,696,333,363,3604,1774,1830,3,1,2,4,2,2,0,0,0,1,0,1,39,18,21
C0101,33,612,05764,803586,Sriramapuram (TP),Urban,10653,5314,5339,9547,4789,4758,1057,501,556,38,18,20,0,0,0,0,0,0,1,1,0,2,0,2,8,5,3
C0101,33,612,05764,803587,Agaram (TP),Urban,15610,7795,7815,13016,6527,6489,13,8,5,2563,1255,1308,1,0,1,2,1,1,1,0,1,1,1,0,13,3,10
C0101,33,612,05764,803588,Thadikombu (TP),Urban,18838,9317,9521,15613,7704,7909,23,13,10,3185,1594,1591,2,0,2,5,3,2,1,0,1,0,0,0,9,3,6
C0101,33,612,05764,803589,Dindigul (M),Urban,207327,103027,104300,143275,71381,71894,29374,14722,14652,34386,16785,17601,37,18,19,33,11,22,15,8,7,3,1,2,204,101,103
C0101,33,612,05764,803590,Kannivadi (TP),Urban,10369,5139,5230,9393,4663,4730,613,304,309,349,168,181,0,0,0,0,0,0,0,0,0,0,0,0,14,4,10
C0101,33,612,05765,000000,Sub-District - Attur,Total,159846,79334,80512,135681,67340,68341,6908,3471,3437,16813,8191,8622,35,19,16,10,5,5,4,1,3,13,7,6,382,300,82
C0101,33,612,05765,000000,Sub-District - Attur,Rural,107752,53507,54245,88662,44054,44608,2807,1395,1412,15938,7775,8163,11,7,4,9,4,5,3,1,2,7,3,4,315,268,47
C0101,33,612,05765,000000,Sub-District - Attur,Urban,52094,25827,26267,47019,23286,23733,4101,2076,2025,875,416,459,24,12,12,1,1,0,1,0,1,6,4,2,67,32,35
C0101,33,612,05765,803591,Sithayankottai (TP),Urban,13634,6907,6727,9815,4964,4851,3722,1894,1828,75,35,40,10,5,5,0,0,0,0,0,0,0,0,0,12,9,3
C0101,33,612,05765,803592,Chinnalapatti (TP),Urban,26285,12935,13350,25389,12507,12882,190,94,96,653,311,342,11,5,6,1,1,0,0,0,0,5,3,2,36,14,22
C0101,33,612,05765,803593,Ayyampalayam (TP),Urban,12175,5985,6190,11815,5815,6000,189,88,101,147,70,77,3,2,1,0,0,0,1,0,1,1,1,0,19,9,10
C0101,33,612,05766,000000,Sub-District - Kodaikanal,Total,115250,57884,57366,89608,45261,44347,5379,2714,2665,20010,9791,10219,24,14,10,85,36,49,13,4,9,20,7,13,111,57,54
C0101,33,612,05766,000000,Sub-District - Kodaikanal,Rural,70018,35341,34677,63135,31993,31142,977,479,498,5839,2828,3011,14,9,5,3,1,2,0,0,0,6,2,4,44,29,15
C0101,33,612,05766,000000,Sub-District - Kodaikanal,Urban,45232,22543,22689,26473,13268,13205,4402,2235,2167,14171,6963,7208,10,5,5,82,35,47,13,4,9,14,5,9,67,28,39
C0101,33,612,05766,803594,Pannaikadu (TP),Urban,8731,4327,4404,8646,4293,4353,22,11,11,47,15,32,1,1,0,0,0,0,0,0,0,1,0,1,14,7,7
C0101,33,612,05766,803595,Kodaikanal (M),Urban,36501,18216,18285,17827,8975,8852,4380,2224,2156,14124,6948,7176,9,4,5,82,35,47,13,4,9,13,5,8,53,21,32
C0101,33,612,05767,000000,Sub-District - Nilakkottai,Total,286641,144482,142159,257798,130213,127585,7222,3597,3625,20850,10257,10593,24,16,8,15,10,5,11,3,8,11,5,6,710,381,329
C0101,33,612,05767,000000,Sub-District - Nilakkottai,Rural,201927,102165,99762,182966,92774,90192,3559,1748,1811,14731,7275,7456,18,14,4,11,8,3,10,3,7,8,2,6,624,341,283
C0101,33,612,05767,000000,Sub-District - Nilakkottai,Urban,84714,42317,42397,74832,37439,37393,3663,1849,1814,6119,2982,3137,6,2,4,4,2,2,1,0,1,3,3,0,86,40,46
C0101,33,612,05767,803596,Sevugampatti (TP),Urban,11730,5916,5814,11118,5619,5499,56,30,26,545,261,284,0,0,0,0,0,0,0,0,0,0,0,0,11,6,5
C0101,33,612,05767,803597,Ammainaickanur (TP),Urban,19257,9728,9529,15482,7844,7638,217,109,108,3523,1758,1765,0,0,0,2,1,1,1,0,1,1,1,0,31,15,16
C0101,33,612,05767,803598,Nilakkottai (TP),Urban,22197,11068,11129,21031,10491,10540,449,241,208,706,331,375,2,1,1,0,0,0,0,0,0,1,1,0,8,3,5
C0101,33,612,05767,803599,Pattiveeranpatti (TP),Urban,8602,4177,4425,8447,4112,4335,33,15,18,119,48,71,1,0,1,1,1,0,0,0,0,1,1,0,0,0,0
C0101,33,612,05767,803600,Batlagundu (TP),Urban,22928,11428,11500,18754,9373,9381,2908,1454,1454,1226,584,642,3,1,2,1,0,1,0,0,0,0,0,0,36,16,20
C0101,33,613,00000,000000,District - Karur ,Total,1064493,528184,536309,993666,493227,500439,53292,26332,26960,16483,8115,8368,115,63,52,29,15,14,7,3,4,79,36,43,822,393,429
C0101,33,613,00000,000000,District - Karur ,Rural,629976,312628,317348,611828,303624,308204,9945,4952,4993,7612,3753,3859,42,28,14,11,5,6,3,2,1,35,17,18,500,247,253
C0101,33,613,00000,000000,District - Karur ,Urban,434517,215556,218961,381838,189603,192235,43347,21380,21967,8871,4362,4509,73,35,38,18,10,8,4,1,3,44,19,25,322,146,176
C0101,33,613,05768,000000,Sub-District - Aravakurichi,Total,183321,90669,92652,144781,71775,73006,35687,17506,18181,2620,1287,1333,14,8,6,9,4,5,2,1,1,3,0,3,205,88,117
C0101,33,613,05768,000000,Sub-District - Aravakurichi,Rural,140285,69514,70771,133824,66357,67467,4399,2150,2249,1863,923,940,11,7,4,5,1,4,2,1,1,3,0,3,178,75,103
C0101,33,613,05768,000000,Sub-District - Aravakurichi,Urban,43036,21155,21881,10957,5418,5539,31288,15356,15932,757,364,393,3,1,2,4,3,1,0,0,0,0,0,0,27,13,14
C0101,33,613,05768,803601,Aravakurichi (TP),Urban,12412,6086,6326,9538,4707,4831,2226,1062,1164,635,308,327,1,1,0,4,3,1,0,0,0,0,0,0,8,5,3
C0101,33,613,05768,803602,Pallapatti (TP),Urban,30624,15069,15555,1419,711,708,29062,14294,14768,122,56,66,2,0,2,0,0,0,0,0,0,0,0,0,19,8,11
C0101,33,613,05769,000000,Sub-District - Karur,Total,445389,221278,224111,426333,211812,214521,10828,5419,5409,7745,3826,3919,76,39,37,15,8,7,4,1,3,56,23,33,332,150,182
C0101,33,613,05769,000000,Sub-District - Karur,Rural,128648,63711,64937,126910,62829,64081,1027,518,509,629,321,308,13,10,3,1,1,0,0,0,0,12,4,8,56,28,28
C0101,33,613,05769,000000,Sub-District - Karur,Urban,316741,157567,159174,299423,148983,150440,9801,4901,4900,7116,3505,3611,63,29,34,14,7,7,4,1,3,44,19,25,276,122,154
C0101,33,613,05769,635581,Minampalli-Pachamadevi (CT),Urban,9031,4370,4661,8505,4117,4388,415,198,217,104,52,52,0,0,0,0,0,0,0,0,0,0,0,0,7,3,4
C0101,33,613,05769,635582,Kadaparai (CT),Urban,9574,4783,4791,9272,4629,4643,153,77,76,127,68,59,1,1,0,0,0,0,0,0,0,0,0,0,21,8,13
C0101,33,613,05769,635583,Andankoil  East (CT),Urban,19779,9895,9884,19009,9500,9509,281,145,136,465,238,227,5,2,3,2,1,1,0,0,0,0,0,0,17,9,8
C0101,33,613,05769,635584,Senapiratti (CT),Urban,22447,11221,11226,20886,10443,10443,642,331,311,877,427,450,20,9,11,0,0,0,0,0,0,5,2,3,17,9,8
C0101,33,613,05769,803603,TNPL Pugalur (TP),Urban,5556,2797,2759,5291,2666,2625,62,27,35,195,101,94,0,0,0,0,0,0,0,0,0,8,3,5,0,0,0
C0101,33,613,05769,803604,Punjaipugalur (TP),Urban,23408,11542,11866,21637,10678,10959,1277,629,648,473,227,246,12,5,7,0,0,0,2,1,1,2,0,2,5,2,3
C0101,33,613,05769,803605,Punjai Thottakurichi (TP),Urban,10969,5426,5543,10734,5310,5424,167,84,83,66,32,34,1,0,1,0,0,0,0,0,0,0,0,0,1,0,1
C0101,33,613,05769,803606,Inam Karur (M),Urban,67131,33569,33562,63605,31808,31797,2120,1068,1052,1260,630,630,9,4,5,6,3,3,0,0,0,10,7,3,121,49,72
C0101,33,613,05769,803607,Karur (M),Urban,70980,34937,36043,64880,31924,32956,3989,1989,2000,2041,989,1052,9,3,6,5,3,2,1,0,1,5,2,3,50,27,23
C0101,33,613,05769,803608,Puliyur (TP),Urban,12720,6337,6383,12375,6156,6219,101,60,41,239,120,119,0,0,0,0,0,0,0,0,0,0,0,0,5,1,4
C0101,33,613,05769,803609,Thanthoni (M),Urban,53854,27115,26739,51968,26192,25776,593,293,300,1247,609,638,6,5,1,1,0,1,1,0,1,13,5,8,25,11,14
C0101,33,613,05769,803610,Uppidamangalam (TP),Urban,11292,5575,5717,11261,5560,5701,1,0,1,22,12,10,0,0,0,0,0,0,0,0,0,1,0,1,7,3,4
C0101,33,613,05770,000000,Sub-District - Krishnarayapuram,Total,119213,59415,59798,117893,58759,59134,623,328,295,653,304,349,5,3,2,2,0,2,0,0,0,4,4,0,33,17,16
C0101,33,613,05770,000000,Sub-District - Krishnarayapuram,Rural,100937,50358,50579,99731,49762,49969,568,300,268,596,274,322,4,2,2,2,0,2,0,0,0,4,4,0,32,16,16
C0101,33,613,05770,000000,Sub-District - Krishnarayapuram,Urban,18276,9057,9219,18162,8997,9165,55,28,27,57,30,27,1,1,0,0,0,0,0,0,0,0,0,0,1,1,0
C0101,33,613,05770,803611,Krishnarayapuram (TP),Urban,10792,5326,5466,10684,5271,5413,51,25,26,57,30,27,0,0,0,0,0,0,0,0,0,0,0,0,0,0,0
C0101,33,613,05770,803612,P.J. Cholapuram (TP),Urban,7484,3731,3753,7478,3726,3752,4,3,1,0,0,0,1,1,0,0,0,0,0,0,0,0,0,0,1,1,0
C0101,33,613,05771,000000,Sub-District - Kulithalai,Total,206731,102029,104702,199552,98499,101053,3608,1769,1839,3438,1690,1748,12,7,5,1,1,0,1,1,0,12,8,4,107,54,53
C0101,33,613,05771,000000,Sub-District - Kulithalai,Rural,150267,74252,76015,146256,72294,73962,1405,674,731,2497,1227,1270,6,3,3,1,1,0,1,1,0,12,8,4,89,44,45
C0101,33,613,05771,000000,Sub-District - Kulithalai,Urban,56464,27777,28687,53296,26205,27091,2203,1095,1108,941,463,478,6,4,2,0,0,0,0,0,0,0,0,0,18,10,8
C0101,33,613,05771,803613,Kulithalai (M),Urban,27910,13843,14067,24970,12384,12586,2051,1016,1035,870,432,438,6,4,2,0,0,0,0,0,0,0,0,0,13,7,6
C0101,33,613,05771,803614,Marudur (TP),Urban,10925,5320,5605,10892,5305,5587,19,10,9,12,4,8,0,0,0,0,0,0,0,0,0,0,0,0,2,1,1
C0101,33,613,05771,803615,Nangavaram (TP),Urban,17629,8614,9015,17434,8516,8918,133,69,64,59,27,32,0,0,0,0,0,0,0,0,0,0,0,0,3,2,1
C0101,33,613,05772,000000,Sub-District - Kadavur,Total,109839,54793,55046,105107,52382,52725,2546,1310,1236,2027,1008,1019,8,6,2,2,2,0,0,0,0,4,1,3,145,84,61
C0101,33,613,05772,000000,Sub-District - Kadavur,Rural,109839,54793,55046,105107,52382,52725,2546,1310,1236,2027,1008,1019,8,6,2,2,2,0,0,0,0,4,1,3,145,84,61
C0101,33,613,05772,000000,Sub-District - Kadavur,Urban,0,0,0,0,0,0,0,0,0,0,0,0,0,0,0,0,0,0,0,0,0,0,0,0,0,0,0
C0101,33,614,00000,000000,District - Tiruchirappalli,Total,2722290,1352284,1370006,2279413,1135359,1144054,190964,94057,96907,246156,120093,126063,324,176,148,250,128,122,628,323,305,253,130,123,4302,2018,2284
C0101,33,614,00000,000000,District - Tiruchirappalli,Rural,1384257,688552,695705,1246567,620980,625587,29196,14413,14783,106655,52262,54393,107,50,57,106,50,56,33,20,13,94,51,43,1499,726,773
C0101,33,614,00000,000000,District - Tiruchirappalli,Urban,1338033,663732,674301,1032846,514379,518467,161768,79644,82124,139501,67831,71670,217,126,91,144,78,66,595,303,292,159,79,80,2803,1292,1511
C0101,33,614,05773,000000,Sub-District - Thottiyam,Total,135120,67266,67854,132270,65910,66360,1458,687,771,1303,625,678,6,4,2,3,1,2,2,0,2,6,2,4,72,37,35
C0101,33,614,05773,000000,Sub-District - Thottiyam,Rural,109278,54483,54795,107365,53580,53785,1014,472,542,820,393,427,3,2,1,2,0,2,2,0,2,6,2,4,66,34,32
C0101,33,614,05773,000000,Sub-District - Thottiyam,Urban,25842,12783,13059,24905,12330,12575,444,215,229,483,232,251,3,2,1,1,1,0,0,0,0,0,0,0,6,3,3
C0101,33,614,05773,803616,Kattuputhur (TP),Urban,10933,5401,5532,10618,5252,5366,243,116,127,65,30,35,1,0,1,0,0,0,0,0,0,0,0,0,6,3,3
C0101,33,614,05773,803617,Thottiyam (TP),Urban,14909,7382,7527,14287,7078,7209,201,99,102,418,202,216,2,2,0,1,1,0,0,0,0,0,0,0,0,0,0
C0101,33,614,05774,000000,Sub-District - Musiri,Total,231655,115774,115881,226951,113551,113400,3156,1487,1669,1275,611,664,16,9,7,2,1,1,5,3,2,9,3,6,241,109,132
C0101,33,614,05774,000000,Sub-District - Musiri,Rural,182267,91335,90932,179574,90058,89516,1924,900,1024,576,289,287,14,7,7,1,0,1,4,3,1,7,3,4,167,75,92
C0101,33,614,05774,000000,Sub-District - Musiri,Urban,49388,24439,24949,47377,23493,23884,1232,587,645,699,322,377,2,2,0,1,1,0,1,0,1,2,0,2,74,34,40
C0101,33,614,05774,803618,Mettupalayam (TP),Urban,7681,3858,3823,7600,3819,3781,57,28,29,18,9,9,0,0,0,0,0,0,0,0,0,0,0,0,6,2,4
C0101,33,614,05774,803619,Thathaiyangarpet (TP),Urban,12980,6487,6493,12542,6278,6264,367,175,192,42,20,22,0,0,0,0,0,0,0,0,0,1,0,1,28,14,14
C0101,33,614,05774,803620,Musiri (TP),Urban,28727,14094,14633,27235,13396,13839,808,384,424,639,293,346,2,2,0,1,1,0,1,0,1,1,0,1,40,18,22
C0101,33,614,05775,000000,Sub-District - Thuraiyur,Total,249327,123290,126037,241313,119516,121797,4667,2210,2457,3212,1497,1715,11,5,6,3,1,2,1,1,0,14,7,7,106,53,53
C0101,33,614,05775,000000,Sub-District - Thuraiyur,Rural,200548,99301,101247,194802,96611,98191,3208,1508,1700,2432,1128,1304,11,5,6,3,1,2,1,1,0,9,5,4,82,42,40
C0101,33,614,05775,000000,Sub-District - Thuraiyur,Urban,48779,23989,24790,46511,22905,23606,1459,702,757,780,369,411,0,0,0,0,0,0,0,0,0,5,2,3,24,11,13
C0101,33,614,05775,803621,Uppiliapuram (TP),Urban,7705,3822,3883,7376,3659,3717,281,143,138,46,20,26,0,0,0,0,0,0,0,0,0,0,0,0,2,0,2
C0101,33,614,05775,803622,Balakrishnampatti (TP),Urban,8635,4203,4432,8202,4004,4198,116,52,64,311,145,166,0,0,0,0,0,0,0,0,0,1,0,1,5,2,3
C0101,33,614,05775,803623,Thuraiyur (M),Urban,32439,15964,16475,30933,15242,15691,1062,507,555,423,204,219,0,0,0,0,0,0,0,0,0,4,2,2,17,9,8
C0101,33,614,05776,000000,Sub-District - Manachanallur,Total,192869,96154,96715,174449,87137,87312,5905,2951,2954,12049,5839,6210,13,4,9,6,2,4,0,0,0,23,10,13,424,211,213
C0101,33,614,05776,000000,Sub-District - Manachanallur,Rural,136608,68395,68213,122832,61573,61259,3559,1860,1699,9887,4805,5082,7,2,5,6,2,4,0,0,0,19,9,10,298,144,154
C0101,33,614,05776,000000,Sub-District - Manachanallur,Urban,56261,27759,28502,51617,25564,26053,2346,1091,1255,2162,1034,1128,6,2,4,0,0,0,0,0,0,4,1,3,126,67,59
C0101,33,614,05776,635874,Pichandarkovil (CT),Urban,17257,8569,8688,15718,7818,7900,654,315,339,863,427,436,4,2,2,0,0,0,0,0,0,3,1,2,15,6,9
C0101,33,614,05776,803624,S. Kannanur (TP),Urban,13073,6377,6696,11174,5523,5651,897,387,510,903,415,488,0,0,0,0,0,0,0,0,0,1,0,1,98,52,46
C0101,33,614,05776,803625,Manachanallur (TP),Urban,25931,12813,13118,24725,12223,12502,795,389,406,396,192,204,2,0,2,0,0,0,0,0,0,0,0,0,13,9,4
C0101,33,614,05777,000000,Sub-District - Lalgudi,Total,254865,125070,129795,199782,98453,101329,8424,4061,4363,46352,22422,23930,17,11,6,43,17,26,5,3,2,13,5,8,229,98,131
C0101,33,614,05777,000000,Sub-District - Lalgudi,Rural,195635,96031,99604,153778,75740,78038,3951,1883,2068,37681,18306,19375,11,6,5,35,17,18,3,2,1,11,5,6,165,72,93
C0101,33,614,05777,000000,Sub-District - Lalgudi,Urban,59230,29039,30191,46004,22713,23291,4473,2178,2295,8671,4116,4555,6,5,1,8,0,8,2,1,1,2,0,2,64,26,38
C0101,33,614,05777,635962,Thalakudi (CT),Urban,5740,2851,2889,5054,2519,2535,502,249,253,176,80,96,0,0,0,0,0,0,0,0,0,0,0,0,8,3,5
C0101,33,614,05777,803626,Kallakudi (TP),Urban,11604,5661,5943,8615,4237,4378,556,266,290,2405,1148,1257,0,0,0,3,0,3,1,0,1,0,0,0,24,10,14
C0101,33,614,05777,803627,Pullampadi (TP),Urban,10241,4868,5373,7267,3486,3781,357,194,163,2603,1185,1418,0,0,0,3,0,3,0,0,0,0,0,0,11,3,8
C0101,33,614,05777,803628,Puvalur (TP),Urban,7905,3904,4001,6802,3370,3432,356,168,188,741,363,378,0,0,0,0,0,0,0,0,0,0,0,0,6,3,3
C0101,33,614,05777,803629,Lalgudi (TP),Urban,23740,11755,11985,18266,9101,9165,2702,1301,1401,2746,1340,1406,6,5,1,2,0,2,1,1,0,2,0,2,15,7,8
C0101,33,614,05778,000000,Sub-District - Srirangam,Total,207494,103262,104232,182549,90869,91680,10407,5172,5235,14274,7086,7188,23,13,10,12,7,5,8,6,2,18,9,9,203,100,103
C0101,33,614,05778,000000,Sub-District - Srirangam,Rural,179883,89664,90219,162385,80956,81429,4511,2238,2273,12750,6347,6403,17,10,7,12,7,5,8,6,2,17,9,8,183,91,92
C0101,33,614,05778,000000,Sub-District - Srirangam,Urban,27611,13598,14013,20164,9913,10251,5896,2934,2962,1524,739,785,6,3,3,0,0,0,0,0,0,1,0,1,20,9,11
C0101,33,614,05778,636012,Nagamangalam (CT),Urban,5785,2831,2954,4685,2299,2386,354,175,179,736,352,384,6,3,3,0,0,0,0,0,0,0,0,0,4,2,2
C0101,33,614,05778,636013,Kulathur (CT),Urban,11083,5494,5589,5691,2806,2885,4720,2361,2359,661,321,340,0,0,0,0,0,0,0,0,0,0,0,0,11,6,5
C0101,33,614,05778,803630,Sirugamani (TP),Urban,10743,5273,5470,9788,4808,4980,822,398,424,127,66,61,0,0,0,0,0,0,0,0,0,1,0,1,5,1,4
C0101,33,614,05779,000000,Sub-District - Tiruchirappalli,Total,850073,419751,430322,629966,312439,317527,124784,61278,63506,92583,44744,47839,148,87,61,86,52,34,559,281,278,108,55,53,1839,815,1024
C0101,33,614,05779,000000,Sub-District - Tiruchirappalli,Rural,2686,1351,1335,2305,1164,1141,66,34,32,307,148,159,0,0,0,0,0,0,0,0,0,4,3,1,4,2,2
C0101,33,614,05779,000000,Sub-District - Tiruchirappalli,Urban,847387,418400,428987,627661,311275,316386,124718,61244,63474,92276,44596,47680,148,87,61,86,52,34,559,281,278,104,52,52,1835,813,1022
C0101,33,614,05779,803631,Tiruchirappalli (M Corp.),Urban,847387,418400,428987,627661,311275,316386,124718,61244,63474,92276,44596,47680,148,87,61,86,52,34,559,281,278,104,52,52,1835,813,1022
C0101,33,614,05780,000000,Sub-District - Thiruverumbur,Total,225517,114753,110764,178323,91139,87184,13326,6748,6578,32854,16352,16502,54,28,26,53,27,26,35,21,14,46,29,17,826,409,417
C0101,33,614,05780,000000,Sub-District - Thiruverumbur,Rural,54659,27265,27394,43480,21727,21753,1342,695,647,9604,4728,4876,11,5,6,9,5,4,3,1,2,6,5,1,204,99,105
C0101,33,614,05780,000000,Sub-District - Thiruverumbur,Urban,170858,87488,83370,134843,69412,65431,11984,6053,5931,23250,11624,11626,43,23,20,44,22,22,32,20,12,40,24,16,622,310,312
C0101,33,614,05780,636033,Pappankurichi (CT),Urban,24023,12081,11942,15698,7906,7792,3598,1825,1773,4657,2316,2341,2,0,2,2,2,0,0,0,0,3,1,2,63,31,32
C0101,33,614,05780,636034,Ellakkudy (CT),Urban,16244,8154,8090,12929,6518,6411,693,338,355,2552,1269,1283,4,3,1,2,1,1,4,2,2,0,0,0,60,23,37
C0101,33,614,05780,636035,Krishnasamudram (CT),Urban,13146,6626,6520,10168,5142,5026,444,221,223,2486,1240,1246,2,1,1,4,0,4,2,0,2,11,8,3,29,14,15
C0101,33,614,05780,636036,Valavandankottai (CT),Urban,9202,4699,4503,6940,3527,3413,410,203,207,1830,960,870,0,0,0,1,1,0,0,0,0,0,0,0,21,8,13
C0101,33,614,05780,636037,Navalpattu (CT),Urban,16788,8375,8413,13745,6851,6894,595,313,282,2354,1173,1181,10,4,6,3,1,2,0,0,0,2,1,1,79,32,47
C0101,33,614,05780,636038,Palaganangudy (CT),Urban,13469,6785,6684,11033,5595,5438,336,166,170,1971,960,1011,1,1,0,17,9,8,0,0,0,0,0,0,111,54,57
C0101,33,614,05780,803632,Koothappar (TP),Urban,15943,8089,7854,13490,6864,6626,736,363,373,1656,834,822,1,1,0,3,1,2,9,4,5,5,3,2,43,19,24
C0101,33,614,05780,803633,Thiruverumbur (TP),Urban,23156,11567,11589,18301,9194,9107,3210,1573,1637,1545,756,789,3,1,2,1,1,0,2,1,1,6,3,3,88,38,50
C0101,33,614,05780,803634,Thuvakudi  (M),Urban,38887,21112,17775,32539,17815,14724,1962,1051,911,4199,2116,2083,20,12,8,11,6,5,15,13,2,13,8,5,128,91,37
C0101,33,614,05781,000000,Sub-District - Manapparai,Total,375370,186964,188406,313810,156345,157465,18837,9463,9374,42254,20917,21337,36,15,21,42,20,22,13,8,5,16,10,6,362,186,176
C0101,33,614,05781,000000,Sub-District - Manapparai,Rural,322693,160727,161966,280046,139571,140475,9621,4823,4798,32598,16118,16480,33,13,20,38,18,20,12,7,5,15,10,5,330,167,163
C0101,33,614,05781,000000,Sub-District - Manapparai,Urban,52677,26237,26440,33764,16774,16990,9216,4640,4576,9656,4799,4857,3,2,1,4,2,2,1,1,0,1,0,1,32,19,13
C0101,33,614,05781,803635,Manapparai (M),Urban,40510,20139,20371,26604,13214,13390,4576,2284,2292,9297,4619,4678,3,2,1,4,2,2,1,1,0,0,0,0,25,17,8
C0101,33,614,05781,803636,Ponnampatti (TP),Urban,12167,6098,6069,7160,3560,3600,4640,2356,2284,359,180,179,0,0,0,0,0,0,0,0,0,1,0,1,7,2,5
C0101,33,615,00000,000000,District - Perambalur  ,Total,565223,282157,283066,521658,260853,260805,32702,15893,16809,10301,5145,5156,83,33,50,39,21,18,38,15,23,26,11,15,376,186,190
C0101,33,615,00000,000000,District - Perambalur  ,Rural,468060,233926,234134,445128,222776,222352,14857,7106,7751,7639,3840,3799,71,27,44,35,18,17,31,14,17,7,2,5,292,143,149
C0101,33,615,00000,000000,District - Perambalur  ,Urban,97163,48231,48932,76530,38077,38453,17845,8787,9058,2662,1305,1357,12,6,6,4,3,1,7,1,6,19,9,10,84,43,41
C0101,33,615,05782,000000,Sub-District - Veppanthattai,Total,148743,73727,75016,130739,65170,65569,12386,5830,6556,5431,2643,2788,20,9,11,18,7,11,14,5,9,7,2,5,128,61,67
C0101,33,615,05782,000000,Sub-District - Veppanthattai,Rural,125539,62268,63271,109336,54551,54785,10660,5026,5634,5374,2612,2762,19,8,11,18,7,11,10,5,5,1,0,1,121,59,62
C0101,33,615,05782,000000,Sub-District - Veppanthattai,Urban,23204,11459,11745,21403,10619,10784,1726,804,922,57,31,26,1,1,0,0,0,0,4,0,4,6,2,4,7,2,5
C0101,33,615,05782,803637,Poolambadi (TP),Urban,10737,5268,5469,9835,4851,4984,854,394,460,38,20,18,0,0,0,0,0,0,2,0,2,4,1,3,4,2,2
C0101,33,615,05782,803638,Arumbavur (TP),Urban,12467,6191,6276,11568,5768,5800,872,410,462,19,11,8,1,1,0,0,0,0,2,0,2,2,1,1,3,0,3
C0101,33,615,05783,000000,Sub-District - Perambalur,Total,162356,81586,80770,151409,76124,75285,6758,3303,3455,3989,2056,1933,13,4,9,7,5,2,6,4,2,15,9,6,159,81,78
C0101,33,615,05783,000000,Sub-District - Perambalur,Rural,100288,50783,49505,97028,49038,47990,1751,900,851,1414,797,617,3,0,3,3,2,1,4,3,1,2,2,0,83,41,42
C0101,33,615,05783,000000,Sub-District - Perambalur,Urban,62068,30803,31265,54381,27086,27295,5007,2403,2604,2575,1259,1316,10,4,6,4,3,1,2,1,1,13,7,6,76,40,36
C0101,33,615,05783,803639,Perambalur (M),Urban,49648,24659,24989,43165,21533,21632,4613,2218,2395,1787,863,924,7,2,5,4,3,1,0,0,0,13,7,6,59,33,26
C0101,33,615,05783,803640,Kurumbalur (TP),Urban,12420,6144,6276,11216,5553,5663,394,185,209,788,396,392,3,2,1,0,0,0,2,1,1,0,0,0,17,7,10
C0101,33,615,05784,000000,Sub-District - Kunnam,Total,254124,126844,127280,239510,119559,119951,13558,6760,6798,881,446,435,50,20,30,14,9,5,18,6,12,4,0,4,89,44,45
C0101,33,615,05784,000000,Sub-District - Kunnam,Rural,242233,120875,121358,238764,119187,119577,2446,1180,1266,851,431,420,49,19,30,14,9,5,17,6,11,4,0,4,88,43,45
C0101,33,615,05784,000000,Sub-District - Kunnam,Urban,11891,5969,5922,746,372,374,11112,5580,5532,30,15,15,1,1,0,0,0,0,1,0,1,0,0,0,1,1,0
C0101,33,615,05784,803641,Labbaikudikadu (TP),Urban,11891,5969,5922,746,372,374,11112,5580,5532,30,15,15,1,1,0,0,0,0,1,0,1,0,0,0,1,1,0
C0101,33,616,00000,000000,District - Ariyalur  ,Total,754894,374703,380191,708397,352022,356375,7942,3821,4121,37403,18313,19090,104,52,52,88,52,36,65,22,43,42,20,22,853,401,452
C0101,33,616,00000,000000,District - Ariyalur  ,Rural,671100,333253,337847,637960,317120,320840,4232,1991,2241,28213,13815,14398,77,35,42,70,43,27,55,18,37,30,15,15,463,216,247
C0101,33,616,00000,000000,District - Ariyalur  ,Urban,83794,41450,42344,70437,34902,35535,3710,1830,1880,9190,4498,4692,27,17,10,18,9,9,10,4,6,12,5,7,390,185,205
C0101,33,616,05785,000000,Sub-District - Sendurai,Total,111891,55373,56518,110116,54527,55589,1371,647,724,306,154,152,8,2,6,3,2,1,24,7,17,5,3,2,58,31,27
C0101,33,616,05785,000000,Sub-District - Sendurai,Rural,111891,55373,56518,110116,54527,55589,1371,647,724,306,154,152,8,2,6,3,2,1,24,7,17,5,3,2,58,31,27
C0101,33,616,05785,000000,Sub-District - Sendurai,Urban,0,0,0,0,0,0,0,0,0,0,0,0,0,0,0,0,0,0,0,0,0,0,0,0,0,0,0
C0101,33,616,05786,000000,Sub-District - Udayarpalayam,Total,387194,192314,194880,358490,178212,180278,3498,1655,1843,24675,12199,12476,55,25,30,63,36,27,26,8,18,23,10,13,364,169,195
C0101,33,616,05786,000000,Sub-District - Udayarpalayam,Rural,332302,165213,167089,314223,156314,157909,1121,508,613,16587,8226,8361,35,14,21,47,28,19,20,6,14,14,6,8,255,111,144
C0101,33,616,05786,000000,Sub-District - Udayarpalayam,Urban,54892,27101,27791,44267,21898,22369,2377,1147,1230,8088,3973,4115,20,11,9,16,8,8,6,2,4,9,4,5,109,58,51
C0101,33,616,05786,803642,Varadarajanpettai (TP),Urban,8259,4093,4166,1033,503,530,5,0,5,7211,3585,3626,0,0,0,9,5,4,0,0,0,0,0,0,1,0,1
C0101,33,616,05786,803643,Jayankondam (M),Urban,33945,16716,17229,31444,15527,15917,1537,752,785,820,362,458,19,10,9,5,2,3,5,2,3,9,4,5,106,57,49
C0101,33,616,05786,803644,Udayarpalayam (TP),Urban,12688,6292,6396,11790,5868,5922,835,395,440,57,26,31,1,1,0,2,1,1,1,0,1,0,0,0,2,1,1
C0101,33,616,05787,000000,Sub-District - Ariyalur,Total,255809,127016,128793,239791,119283,120508,3073,1519,1554,12422,5960,6462,41,25,16,22,14,8,15,7,8,14,7,7,431,201,230
C0101,33,616,05787,000000,Sub-District - Ariyalur,Rural,226907,112667,114240,213621,106279,107342,1740,836,904,11320,5435,5885,34,19,15,20,13,7,11,5,6,11,6,5,150,74,76
C0101,33,616,05787,000000,Sub-District - Ariyalur,Urban,28902,14349,14553,26170,13004,13166,1333,683,650,1102,525,577,7,6,1,2,1,1,4,2,2,3,1,2,281,127,154
C0101,33,616,05787,803645,Ariyalur (M),Urban,28902,14349,14553,26170,13004,13166,1333,683,650,1102,525,577,7,6,1,2,1,1,4,2,2,3,1,2,281,127,154
C0101,33,617,00000,000000,District - Cuddalore,Total,2605914,1311697,1294217,2391675,1205590,1186085,123749,61294,62455,83334,41372,41962,401,209,192,236,133,103,1280,649,631,138,65,73,5101,2385,2716
C0101,33,617,00000,000000,District - Cuddalore,Rural,1720725,868861,851864,1632394,824875,807519,33294,16314,16980,51568,26030,25538,185,93,92,79,45,34,100,49,51,61,25,36,3044,1430,1614
C0101,33,617,00000,000000,District - Cuddalore,Urban,885189,442836,442353,759281,380715,378566,90455,44980,45475,31766,15342,16424,216,116,100,157,88,69,1180,600,580,77,40,37,2057,955,1102
C0101,33,617,05788,000000,Sub-District - Panruti,Total,413639,207946,205693,380627,191536,189091,21609,10680,10929,10333,5202,5131,49,22,27,55,32,23,261,136,125,18,8,10,687,330,357
C0101,33,617,05788,000000,Sub-District - Panruti,Rural,279444,141056,138388,268335,135456,132879,2401,1188,1213,8032,4093,3939,35,15,20,20,12,8,17,10,7,14,6,8,590,276,314
C0101,33,617,05788,000000,Sub-District - Panruti,Urban,134195,66890,67305,112292,56080,56212,19208,9492,9716,2301,1109,1192,14,7,7,35,20,15,244,126,118,4,2,2,97,54,43
C0101,33,617,05788,636612,Lakshminarayanapuram (CT),Urban,12648,6271,6377,11576,5760,5816,928,453,475,131,53,78,3,2,1,0,0,0,0,0,0,0,0,0,10,3,7
C0101,33,617,05788,803646,Thorapadi (TP),Urban,7659,3911,3748,7425,3797,3628,148,70,78,66,33,33,0,0,0,0,0,0,2,1,1,0,0,0,18,10,8
C0101,33,617,05788,803647,Melpattampakkam (TP),Urban,6887,3475,3412,5259,2655,2604,1366,686,680,250,128,122,0,0,0,6,2,4,1,0,1,3,2,1,2,2,0
C0101,33,617,05788,803648,Nellikuppam (M),Urban,46678,23017,23661,35332,17478,17854,10130,4960,5170,1069,505,564,3,0,3,11,6,5,90,42,48,1,0,1,42,26,16
C0101,33,617,05788,803649,Panruti (M),Urban,60323,30216,30107,52700,26390,26310,6636,3323,3313,785,390,395,8,5,3,18,12,6,151,83,68,0,0,0,25,13,12
C0101,33,617,05789,000000,Sub-District - Cuddalore,Total,426466,212812,213654,401010,200574,200436,13834,6814,7020,9402,4427,4975,67,37,30,47,26,21,489,253,236,34,20,14,1583,661,922
C0101,33,617,05789,000000,Sub-District - Cuddalore,Rural,214298,107913,106385,210738,106169,104569,1746,871,875,1167,591,576,14,7,7,2,1,1,9,6,3,15,7,8,607,261,346
C0101,33,617,05789,000000,Sub-District - Cuddalore,Urban,212168,104899,107269,190272,94405,95867,12088,5943,6145,8235,3836,4399,53,30,23,45,25,20,480,247,233,19,13,6,976,400,576
C0101,33,617,05789,636682,Kondur (CT),Urban,12506,6189,6317,11191,5584,5607,548,242,306,714,342,372,10,5,5,3,1,2,3,2,1,0,0,0,37,13,24
C0101,33,617,05789,636683,Gunduuppalavadi (CT),Urban,7281,3687,3594,6623,3355,3268,459,232,227,164,81,83,0,0,0,0,0,0,0,0,0,0,0,0,35,19,16
C0101,33,617,05789,636684,Padirikuppam (CT),Urban,18745,9323,9422,17705,8831,8874,499,243,256,453,208,245,2,1,1,2,2,0,4,2,2,1,1,0,79,35,44
C0101,33,617,05789,803650,Cuddalore (M),Urban,173636,85700,87936,154753,76635,78118,10582,5226,5356,6904,3205,3699,41,24,17,40,22,18,473,243,230,18,12,6,825,333,492
C0101,33,617,05790,000000,Sub-District - Kurinjipadi ,Total,331755,167497,164258,303556,153448,150108,6917,3410,3507,20742,10378,10364,65,38,27,37,23,14,69,33,36,24,8,16,345,159,186
C0101,33,617,05790,000000,Sub-District - Kurinjipadi ,Rural,159039,80343,78696,149166,75398,73768,1519,740,779,8070,4079,3991,7,3,4,2,1,1,8,6,2,7,2,5,260,114,146
C0101,33,617,05790,000000,Sub-District - Kurinjipadi ,Urban,172716,87154,85562,154390,78050,76340,5398,2670,2728,12672,6299,6373,58,35,23,35,22,13,61,27,34,17,6,11,85,45,40
C0101,33,617,05790,636738,Neyveli (TS) (CT),Urban,105731,53409,52322,94136,47653,46483,3205,1594,1611,8243,4082,4161,40,24,16,17,12,5,48,21,27,16,6,10,26,17,9
C0101,33,617,05790,803651,Kurinjipadi (TP),Urban,27471,13772,13699,26400,13238,13162,687,336,351,341,178,163,2,1,1,7,2,5,6,2,4,0,0,0,28,15,13
C0101,33,617,05790,803652,Vadalur (TP),Urban,39514,19973,19541,33854,17159,16695,1506,740,766,4088,2039,2049,16,10,6,11,8,3,7,4,3,1,0,1,31,13,18
C0101,33,617,05791,000000,Sub-District - Chidambaram,Total,467909,235146,232763,428933,215834,213099,29987,14893,15094,7557,3671,3886,83,43,40,29,13,16,304,148,156,18,10,8,998,534,464
C0101,33,617,05791,000000,Sub-District - Chidambaram,Rural,298909,150348,148561,284790,143397,141393,8299,4032,4267,5280,2635,2645,42,24,18,15,9,6,19,6,13,2,0,2,462,245,217
C0101,33,617,05791,000000,Sub-District - Chidambaram,Urban,169000,84798,84202,144143,72437,71706,21688,10861,10827,2277,1036,1241,41,19,22,14,4,10,285,142,143,16,10,6,536,289,247
C0101,33,617,05791,636913,Pallippadai (CT),Urban,6369,3158,3211,3470,1734,1736,2594,1282,1312,295,136,159,4,2,2,0,0,0,0,0,0,0,0,0,6,4,2
C0101,33,617,05791,636914,Chidambaram  (Nm) (CT),Urban,6039,3214,2825,5775,3076,2699,114,58,56,130,68,62,2,1,1,0,0,0,0,0,0,0,0,0,18,11,7
C0101,33,617,05791,636915,Usuppur (CT),Urban,8221,4082,4139,7964,3959,4005,103,49,54,144,69,75,1,0,1,0,0,0,1,0,1,0,0,0,8,5,3
C0101,33,617,05791,803653,Parangipettai (TP),Urban,25541,12733,12808,14392,7179,7213,10905,5422,5483,119,69,50,0,0,0,0,0,0,17,9,8,0,0,0,108,54,54
C0101,33,617,05791,803654,Sethiathoppu (TP),Urban,8824,4498,4326,8529,4354,4175,228,110,118,51,24,27,4,4,0,0,0,0,0,0,0,3,2,1,9,4,5
C0101,33,617,05791,803655,Bhuvanagiri (TP),Urban,21956,11034,10922,20255,10180,10075,1557,781,776,120,61,59,4,2,2,0,0,0,0,0,0,2,1,1,18,9,9
C0101,33,617,05791,803656,Killai (TP),Urban,13608,6851,6757,12837,6476,6361,699,338,361,40,23,17,4,1,3,0,0,0,0,0,0,0,0,0,28,13,15
C0101,33,617,05791,803657,Chidambaram (M),Urban,62153,30582,31571,55768,27363,28405,5111,2577,2534,731,380,351,13,4,9,8,3,5,267,133,134,11,7,4,244,115,129
C0101,33,617,05791,803658,Annamalai Nagar (TP),Urban,16289,8646,7643,15153,8116,7037,377,244,133,647,206,441,9,5,4,6,1,5,0,0,0,0,0,0,97,74,23
C0101,33,617,05792,000000,Sub-District - Kattumannarkoil,Total,276947,139188,137759,228048,114960,113088,29355,14447,14908,18769,9414,9355,25,14,11,40,24,16,66,37,29,14,5,9,630,287,343
C0101,33,617,05792,000000,Sub-District - Kattumannarkoil,Rural,219121,110210,108911,190555,96022,94533,12134,5923,6211,15982,8055,7927,21,12,9,21,10,11,12,6,6,5,2,3,391,180,211
C0101,33,617,05792,000000,Sub-District - Kattumannarkoil,Urban,57826,28978,28848,37493,18938,18555,17221,8524,8697,2787,1359,1428,4,2,2,19,14,5,54,31,23,9,3,6,239,107,132
C0101,33,617,05792,803659,Srimushnam (TP),Urban,13971,7020,6951,12466,6285,6181,488,235,253,1008,495,513,0,0,0,0,0,0,1,0,1,2,1,1,6,4,2
C0101,33,617,05792,803660,Lalpet (TP),Urban,16561,8209,8352,2340,1184,1156,13851,6844,7007,359,175,184,0,0,0,5,4,1,1,1,0,0,0,0,5,1,4
C0101,33,617,05792,803661,Kattumannarkoil (TP),Urban,27294,13749,13545,22687,11469,11218,2882,1445,1437,1420,689,731,4,2,2,14,10,4,52,30,22,7,2,5,228,102,126
C0101,33,617,05793,000000,Sub-District - Virudhachalam,Total,426592,216699,209893,392932,199792,193140,17595,8837,8758,15368,7729,7639,80,37,43,17,10,7,72,33,39,23,12,11,505,249,256
C0101,33,617,05793,000000,Sub-District - Virudhachalam,Rural,329696,167856,161840,312277,159113,153164,4757,2337,2420,12181,6169,6012,37,16,21,11,8,3,20,8,12,12,6,6,401,199,202
C0101,33,617,05793,000000,Sub-District - Virudhachalam,Urban,96896,48843,48053,80655,40679,39976,12838,6500,6338,3187,1560,1627,43,21,22,6,2,4,52,25,27,11,6,5,104,50,54
C0101,33,617,05793,637226,Periyakurichi (CT),Urban,7599,3841,3758,6685,3370,3315,520,268,252,393,203,190,0,0,0,0,0,0,0,0,0,0,0,0,1,0,1
C0101,33,617,05793,803662,Mangalampet (TP),Urban,9278,4698,4580,5691,2875,2816,3457,1761,1696,127,61,66,0,0,0,0,0,0,0,0,0,0,0,0,3,1,2
C0101,33,617,05793,803663,Gangaikondan (TP),Urban,6434,3238,3196,5204,2615,2589,930,486,444,291,132,159,0,0,0,1,1,0,0,0,0,0,0,0,8,4,4
C0101,33,617,05793,803664,Virudhachalam (M),Urban,73585,37066,36519,63075,31819,31256,7931,3985,3946,2376,1164,1212,43,21,22,5,1,4,52,25,27,11,6,5,92,45,47
C0101,33,617,05794,000000,Sub-District - Tittakudi,Total,262606,132409,130197,256569,129446,127123,4452,2213,2239,1163,551,612,32,18,14,11,5,6,19,9,10,7,2,5,353,165,188
C0101,33,617,05794,000000,Sub-District - Tittakudi,Rural,220218,111135,109083,216533,109320,107213,2438,1223,1215,856,408,448,29,16,13,8,4,4,15,7,8,6,2,4,333,155,178
C0101,33,617,05794,000000,Sub-District - Tittakudi,Urban,42388,21274,21114,40036,20126,19910,2014,990,1024,307,143,164,3,2,1,3,1,2,4,2,2,1,0,1,20,10,10
C0101,33,617,05794,803665,Pennadam (TP),Urban,19494,9725,9769,17486,8746,8740,1796,875,921,205,100,105,1,0,1,0,0,0,0,0,0,1,0,1,5,4,1
C0101,33,617,05794,803666,Tittakudi (TP),Urban,22894,11549,11345,22550,11380,11170,218,115,103,102,43,59,2,2,0,3,1,2,4,2,2,0,0,0,15,6,9
C0101,33,618,00000,000000,District - Nagapattinam  ,Total,1616450,798127,818323,1435072,711990,723082,128617,60418,68199,47579,23082,24497,184,103,81,450,250,200,963,522,441,110,57,53,3475,1705,1770
C0101,33,618,00000,000000,District - Nagapattinam  ,Rural,1251826,619369,632457,1140163,566984,573179,75980,34742,41238,32297,15924,16373,117,61,56,195,106,89,442,229,213,74,37,37,2558,1286,1272
C0101,33,618,00000,000000,District - Nagapattinam  ,Urban,364624,178758,185866,294909,145006,149903,52637,25676,26961,15282,7158,8124,67,42,25,255,144,111,521,293,228,36,20,16,917,419,498
C0101,33,618,05795,000000,Sub-District - Sirkali,Total,319715,158015,161700,294478,146311,148167,18434,8350,10084,6119,2997,3122,33,15,18,171,96,75,120,82,38,29,16,13,331,148,183
C0101,33,618,05795,000000,Sub-District - Sirkali,Rural,277112,136920,140192,256657,127527,129130,15031,6735,8296,5269,2578,2691,24,11,13,11,9,2,3,3,0,14,6,8,103,51,52
C0101,33,618,05795,000000,Sub-District - Sirkali,Urban,42603,21095,21508,37821,18784,19037,3403,1615,1788,850,419,431,9,4,5,160,87,73,117,79,38,15,10,5,228,97,131
C0101,33,618,05795,803667,Sirkali (M),Urban,34927,17225,17702,30354,15014,15340,3305,1570,1735,753,372,381,6,3,3,159,86,73,117,79,38,14,9,5,219,92,127
C0101,33,618,05795,803668,Vaitheeswarankoil (TP),Urban,7676,3870,3806,7467,3770,3697,98,45,53,97,47,50,3,1,2,1,1,0,0,0,0,1,1,0,9,5,4
C0101,33,618,05796,000000,Sub-District - Mayiladuthurai,Total,259634,128284,131350,236930,117571,119359,15196,7076,8120,6410,3077,3333,53,33,20,45,27,18,409,200,209,35,17,18,556,283,273
C0101,33,618,05796,000000,Sub-District - Mayiladuthurai,Rural,164985,81857,83128,152252,75992,76260,9610,4318,5292,2665,1329,1336,17,9,8,20,14,6,139,61,78,31,14,17,251,120,131
C0101,33,618,05796,000000,Sub-District - Mayiladuthurai,Urban,94649,46427,48222,84678,41579,43099,5586,2758,2828,3745,1748,1997,36,24,12,25,13,12,270,139,131,4,3,1,305,163,142
C0101,33,618,05796,803669,Manalmedu (TP),Urban,9017,4558,4459,8733,4420,4313,126,56,70,154,79,75,0,0,0,0,0,0,0,0,0,1,1,0,3,2,1
C0101,33,618,05796,803670,Mayiladuthurai (M),Urban,85632,41869,43763,75945,37159,38786,5460,2702,2758,3591,1669,1922,36,24,12,25,13,12,270,139,131,3,2,1,302,161,141
C0101,33,618,05797,000000,Sub-District - Kuthalam,Total,131948,64869,67079,113682,56439,57243,12563,5531,7032,5634,2865,2769,8,5,3,5,4,1,2,0,2,4,3,1,50,22,28
C0101,33,618,05797,000000,Sub-District - Kuthalam,Rural,115823,56856,58967,99956,49588,50368,10396,4478,5918,5408,2757,2651,8,5,3,5,4,1,2,0,2,3,3,0,45,21,24
C0101,33,618,05797,000000,Sub-District - Kuthalam,Urban,16125,8013,8112,13726,6851,6875,2167,1053,1114,226,108,118,0,0,0,0,0,0,0,0,0,1,0,1,5,1,4
C0101,33,618,05797,803671,Kuthalam (TP),Urban,16125,8013,8112,13726,6851,6875,2167,1053,1114,226,108,118,0,0,0,0,0,0,0,0,0,1,0,1,5,1,4
C0101,33,618,05798,000000,Sub-District - Tharangambadi,Total,207059,101483,105576,175628,86886,88742,20037,9152,10885,10601,5072,5529,29,15,14,161,81,80,222,115,107,30,14,16,351,148,203
C0101,33,618,05798,000000,Sub-District - Tharangambadi,Rural,183868,90422,93446,157699,78220,79479,17789,8104,9685,7904,3850,4054,25,12,13,111,55,56,141,69,72,15,7,8,184,105,79
C0101,33,618,05798,000000,Sub-District - Tharangambadi,Urban,23191,11061,12130,17929,8666,9263,2248,1048,1200,2697,1222,1475,4,3,1,50,26,24,81,46,35,15,7,8,167,43,124
C0101,33,618,05798,803672,Tharangambadi (TP),Urban,23191,11061,12130,17929,8666,9263,2248,1048,1200,2697,1222,1475,4,3,1,50,26,24,81,46,35,15,7,8,167,43,124
C0101,33,618,05799,000000,Sub-District - Nagapattinam,Total,282784,139917,142867,226864,112753,114111,47271,22965,24306,8194,3971,4223,29,14,15,32,22,10,42,26,16,6,4,2,346,162,184
C0101,33,618,05799,000000,Sub-District - Nagapattinam,Rural,161172,79944,81228,143284,71333,71951,13349,6383,6966,4245,2084,2161,13,4,9,15,6,9,21,14,7,5,4,1,240,116,124
C0101,33,618,05799,000000,Sub-District - Nagapattinam,Urban,121612,59973,61639,83580,41420,42160,33922,16582,17340,3949,1887,2062,16,10,6,17,16,1,21,12,9,1,0,1,106,46,60
C0101,33,618,05799,637707,Manjakollai (CT),Urban,5040,2467,2573,3306,1675,1631,1634,743,891,91,47,44,1,0,1,0,0,0,1,0,1,0,0,0,7,2,5
C0101,33,618,05799,637708,Poravacheri (CT),Urban,4422,2258,2164,3254,1649,1605,1149,597,552,14,7,7,1,1,0,0,0,0,1,1,0,0,0,0,3,3,0
C0101,33,618,05799,803673,Tittacheri (TP),Urban,9245,4455,4790,3545,1714,1831,5624,2699,2925,54,29,25,3,2,1,0,0,0,6,3,3,0,0,0,13,8,5
C0101,33,618,05799,803674,Nagapattinam (M),Urban,102905,50793,52112,73475,36382,37093,25515,12543,12972,3790,1804,1986,11,7,4,17,16,1,13,8,5,1,0,1,83,33,50
C0101,33,618,05800,000000,Sub-District - Kilvelur,Total,138474,68298,70176,124431,61600,62831,7266,3469,3797,6408,3037,3371,7,4,3,8,4,4,3,2,1,3,1,2,348,181,167
C0101,33,618,05800,000000,Sub-District - Kilvelur,Rural,119094,58951,60143,110126,54670,55456,5768,2734,3034,2908,1407,1501,6,4,2,5,2,3,2,2,0,3,1,2,276,131,145
C0101,33,618,05800,000000,Sub-District - Kilvelur,Urban,19380,9347,10033,14305,6930,7375,1498,735,763,3500,1630,1870,1,0,1,3,2,1,1,0,1,0,0,0,72,50,22
C0101,33,618,05800,803675,Kilvelur (TP),Urban,8272,4020,4252,7434,3608,3826,798,398,400,36,12,24,0,0,0,0,0,0,0,0,0,0,0,0,4,2,2
C0101,33,618,05800,803676,Velankanni (TP),Urban,11108,5327,5781,6871,3322,3549,700,337,363,3464,1618,1846,1,0,1,3,2,1,1,0,1,0,0,0,68,48,20
C0101,33,618,05801,000000,Sub-District - Thirukkuvalai,Total,60771,30044,30727,57515,28457,29058,833,414,419,2371,1143,1228,2,2,0,4,2,2,1,1,0,0,0,0,45,25,20
C0101,33,618,05801,000000,Sub-District - Thirukkuvalai,Rural,60771,30044,30727,57515,28457,29058,833,414,419,2371,1143,1228,2,2,0,4,2,2,1,1,0,0,0,0,45,25,20
C0101,33,618,05801,000000,Sub-District - Thirukkuvalai,Urban,0,0,0,0,0,0,0,0,0,0,0,0,0,0,0,0,0,0,0,0,0,0,0,0,0,0,0
C0101,33,618,05802,000000,Sub-District - Vedaranyam,Total,216065,107217,108848,205544,101973,103571,7017,3461,3556,1842,920,922,23,15,8,24,14,10,164,96,68,3,2,1,1448,736,712
C0101,33,618,05802,000000,Sub-District - Vedaranyam,Rural,169001,84375,84626,162674,81197,81477,3204,1576,1628,1527,776,751,22,14,8,24,14,10,133,79,54,3,2,1,1414,717,697
C0101,33,618,05802,000000,Sub-District - Vedaranyam,Urban,47064,22842,24222,42870,20776,22094,3813,1885,1928,315,144,171,1,1,0,0,0,0,31,17,14,0,0,0,34,19,15
C0101,33,618,05802,803677,Thalainayar (TP),Urban,12798,6269,6529,11972,5860,6112,754,376,378,61,29,32,0,0,0,0,0,0,1,0,1,0,0,0,10,4,6
C0101,33,618,05802,803678,Vedaranyam (M),Urban,34266,16573,17693,30898,14916,15982,3059,1509,1550,254,115,139,1,1,0,0,0,0,30,17,13,0,0,0,24,15,9
C0101,33,619,00000,000000,District - Thiruvarur,Total,1264277,626693,637584,1132785,563648,569137,96092,45508,50584,33192,16448,16744,258,140,118,151,80,71,279,149,130,64,30,34,1456,690,766
C0101,33,619,00000,000000,District - Thiruvarur,Rural,1006482,499954,506528,926303,461300,465003,51361,24253,27108,27237,13620,13617,165,89,76,132,69,63,96,54,42,38,17,21,1150,552,598
C0101,33,619,00000,000000,District - Thiruvarur,Urban,257795,126739,131056,206482,102348,104134,44731,21255,23476,5955,2828,3127,93,51,42,19,11,8,183,95,88,26,13,13,306,138,168
C0101,33,619,05803,000000,Sub-District - Valangaiman,Total,100645,50209,50436,91785,46024,45761,6434,3011,3423,2323,1128,1195,54,24,30,5,4,1,4,4,0,2,1,1,38,13,25
C0101,33,619,05803,000000,Sub-District - Valangaiman,Rural,88891,44394,44497,81389,40844,40545,5415,2542,2873,2000,970,1030,48,22,26,4,3,1,4,4,0,0,0,0,31,9,22
C0101,33,619,05803,000000,Sub-District - Valangaiman,Urban,11754,5815,5939,10396,5180,5216,1019,469,550,323,158,165,6,2,4,1,1,0,0,0,0,2,1,1,7,4,3
C0101,33,619,05803,803679,Valangaiman (TP),Urban,11754,5815,5939,10396,5180,5216,1019,469,550,323,158,165,6,2,4,1,1,0,0,0,0,2,1,1,7,4,3
C0101,33,619,05804,000000,Sub-District - Kodavasal,Total,203157,101552,101605,177988,89202,88786,14592,6966,7626,10184,5186,4998,21,11,10,47,25,22,56,34,22,6,2,4,263,126,137
C0101,33,619,05804,000000,Sub-District - Kodavasal,Rural,182068,91067,91001,159742,80126,79616,12327,5848,6479,9694,4940,4754,14,5,9,44,23,21,53,31,22,4,2,2,190,92,98
C0101,33,619,05804,000000,Sub-District - Kodavasal,Urban,21089,10485,10604,18246,9076,9170,2265,1118,1147,490,246,244,7,6,1,3,2,1,3,3,0,2,0,2,73,34,39
C0101,33,619,05804,803680,Kodavasal (TP),Urban,14639,7280,7359,12418,6180,6238,1923,950,973,279,138,141,3,2,1,2,2,0,3,3,0,0,0,0,11,5,6
C0101,33,619,05804,803681,Koradacheri (TP),Urban,6450,3205,3245,5828,2896,2932,342,168,174,211,108,103,4,4,0,1,0,1,0,0,0,2,0,2,62,29,33
C0101,33,619,05805,000000,Sub-District - Nannilam,Total,137964,69360,68604,128941,65056,63885,7123,3378,3745,1719,838,881,17,10,7,9,6,3,11,3,8,9,4,5,135,65,70
C0101,33,619,05805,000000,Sub-District - Nannilam,Rural,119197,59888,59309,111520,56235,55285,6108,2887,3221,1444,702,742,13,8,5,8,6,2,10,2,8,9,4,5,85,44,41
C0101,33,619,05805,000000,Sub-District - Nannilam,Urban,18767,9472,9295,17421,8821,8600,1015,491,524,275,136,139,4,2,2,1,0,1,1,1,0,0,0,0,50,21,29
C0101,33,619,05805,803682,Peralam (TP),Urban,6149,3102,3047,5972,3022,2950,104,50,54,48,22,26,0,0,0,0,0,0,0,0,0,0,0,0,25,8,17
C0101,33,619,05805,803683,Nannilam (TP),Urban,12618,6370,6248,11449,5799,5650,911,441,470,227,114,113,4,2,2,1,0,1,1,1,0,0,0,0,25,13,12
C0101,33,619,05806,000000,Sub-District - Thiruvarur,Total,151696,74805,76891,133161,66074,67087,15027,7012,8015,3377,1653,1724,22,10,12,20,10,10,13,7,6,13,8,5,63,31,32
C0101,33,619,05806,000000,Sub-District - Thiruvarur,Rural,93395,46408,46987,83968,41908,42060,6789,3181,3608,2564,1284,1280,13,7,6,16,8,8,3,2,1,9,4,5,33,14,19
C0101,33,619,05806,000000,Sub-District - Thiruvarur,Urban,58301,28397,29904,49193,24166,25027,8238,3831,4407,813,369,444,9,3,6,4,2,2,10,5,5,4,4,0,30,17,13
C0101,33,619,05806,803684,Thiruvarur (M),Urban,58301,28397,29904,49193,24166,25027,8238,3831,4407,813,369,444,9,3,6,4,2,2,10,5,5,4,4,0,30,17,13
C0101,33,619,05807,000000,Sub-District - Needamangalam,Total,147440,72770,74670,116210,58140,58070,26580,12361,14219,4306,2104,2202,22,13,9,32,15,17,29,16,13,10,6,4,251,115,136
C0101,33,619,05807,000000,Sub-District - Needamangalam,Rural,112681,55965,56716,97506,48788,48718,11578,5398,6180,3324,1643,1681,19,12,7,30,14,16,7,6,1,10,6,4,207,98,109
C0101,33,619,05807,000000,Sub-District - Needamangalam,Urban,34759,16805,17954,18704,9352,9352,15002,6963,8039,982,461,521,3,1,2,2,1,1,22,10,12,0,0,0,44,17,27
C0101,33,619,05807,803685,Needamangalam (TP),Urban,9336,4643,4693,7306,3666,3640,1491,715,776,507,250,257,0,0,0,2,1,1,1,0,1,0,0,0,29,11,18
C0101,33,619,05807,803686,Kuthanallur (M),Urban,25423,12162,13261,11398,5686,5712,13511,6248,7263,475,211,264,3,1,2,0,0,0,21,10,11,0,0,0,15,6,9
C0101,33,619,05808,000000,Sub-District - Mannargudi,Total,308380,152664,155716,293429,145298,148131,7224,3579,3645,7180,3510,3670,80,50,30,19,8,11,150,79,71,16,7,9,282,133,149
C0101,33,619,05808,000000,Sub-District - Mannargudi,Rural,241381,119469,121912,233045,115320,117725,2653,1343,1310,5427,2681,2746,25,17,8,12,4,8,5,3,2,1,0,1,213,101,112
C0101,33,619,05808,000000,Sub-District - Mannargudi,Urban,66999,33195,33804,60384,29978,30406,4571,2236,2335,1753,829,924,55,33,22,7,4,3,145,76,69,15,7,8,69,32,37
C0101,33,619,05808,803687,Mannargudi (M),Urban,66999,33195,33804,60384,29978,30406,4571,2236,2335,1753,829,924,55,33,22,7,4,3,145,76,69,15,7,8,69,32,37
C0101,33,619,05809,000000,Sub-District - Thiruthuraipoondi,Total,214995,105333,109662,191271,93854,97417,19112,9201,9911,4103,2029,2074,42,22,20,19,12,7,16,6,10,8,2,6,424,207,217
C0101,33,619,05809,000000,Sub-District - Thiruthuraipoondi,Rural,168869,82763,86106,159133,78079,81054,6491,3054,3437,2784,1400,1384,33,18,15,18,11,7,14,6,8,5,1,4,391,194,197
C0101,33,619,05809,000000,Sub-District - Thiruthuraipoondi,Urban,46126,22570,23556,32138,15775,16363,12621,6147,6474,1319,629,690,9,4,5,1,1,0,2,0,2,3,1,2,33,13,20
C0101,33,619,05809,803688,Thiruthuraipoondi (M),Urban,24404,11985,12419,22063,10829,11234,1552,784,768,755,356,399,9,4,5,0,0,0,1,0,1,2,1,1,22,11,11
C0101,33,619,05809,803689,Muthupet (TP),Urban,21722,10585,11137,10075,4946,5129,11069,5363,5706,564,273,291,0,0,0,1,1,0,1,0,1,1,0,1,11,2,9
C0101,33,620,00000,000000,District - Thanjavur,Total,2405890,1182416,1223474,2075870,1024883,1050987,190814,89681,101133,133971,65273,68698,231,118,113,795,402,393,1256,629,627,148,66,82,2805,1364,1441
C0101,33,620,00000,000000,District - Thanjavur,Rural,1554531,765177,789354,1392607,687301,705306,78621,36739,41882,79821,39401,40420,157,87,70,670,347,323,636,313,323,93,42,51,1926,947,979
C0101,33,620,00000,000000,District - Thanjavur,Urban,851359,417239,434120,683263,337582,345681,112193,52942,59251,54150,25872,28278,74,31,43,125,55,70,620,316,304,55,24,31,879,417,462
C0101,33,620,05810,000000,Sub-District - Thiruvidaimarudur,Total,231151,115300,115851,204527,102487,102040,19780,9394,10386,6588,3292,3296,12,4,8,5,2,3,8,5,3,6,5,1,225,111,114
C0101,33,620,05810,000000,Sub-District - Thiruvidaimarudur,Rural,170553,85196,85357,152314,76374,75940,13618,6525,7093,4498,2242,2256,9,2,7,1,0,1,7,4,3,5,4,1,101,45,56
C0101,33,620,05810,000000,Sub-District - Thiruvidaimarudur,Urban,60598,30104,30494,52213,26113,26100,6162,2869,3293,2090,1050,1040,3,2,1,4,2,2,1,1,0,1,1,0,124,66,58
C0101,33,620,05810,803690,Thiruppanandal (TP),Urban,11169,5429,5740,9990,4919,5071,1045,451,594,118,50,68,0,0,0,0,0,0,0,0,0,0,0,0,16,9,7
C0101,33,620,05810,803691,Aduthurai alias Maruthuvakudi (TP),Urban,11705,5858,5847,9707,4903,4804,1880,887,993,107,61,46,0,0,0,0,0,0,1,1,0,0,0,0,10,6,4
C0101,33,620,05810,803692,Veppathur (TP),Urban,7949,3990,3959,6940,3477,3463,17,9,8,991,503,488,1,1,0,0,0,0,0,0,0,0,0,0,0,0,0
C0101,33,620,05810,803693,Thirupuvanam (TP),Urban,14989,7466,7523,13366,6708,6658,1580,734,846,36,21,15,0,0,0,0,0,0,0,0,0,0,0,0,7,3,4
C0101,33,620,05810,803694,Thiruvidaimarudur (TP),Urban,14786,7361,7425,12210,6106,6104,1640,788,852,838,415,423,2,1,1,4,2,2,0,0,0,1,1,0,91,48,43
C0101,33,620,05811,000000,Sub-District - Kumbakonam,Total,436592,216463,220129,379899,189490,190409,35200,16515,18685,20674,10074,10600,18,8,10,28,15,13,346,174,172,12,5,7,415,182,233
C0101,33,620,05811,000000,Sub-District - Kumbakonam,Rural,213009,105989,107020,190192,95131,95061,11440,5187,6253,11157,5563,5594,11,6,5,18,10,8,12,8,4,5,2,3,174,82,92
C0101,33,620,05811,000000,Sub-District - Kumbakonam,Urban,223583,110474,113109,189707,94359,95348,23760,11328,12432,9517,4511,5006,7,2,5,10,5,5,334,166,168,7,3,4,241,100,141
C0101,33,620,05811,638573,Perumandi (CT),Urban,8620,4338,4282,7479,3780,3699,368,171,197,769,384,385,0,0,0,1,1,0,0,0,0,0,0,0,3,2,1
C0101,33,620,05811,638574,Ullur (CT),Urban,11673,5837,5836,9155,4609,4546,1239,593,646,1266,633,633,0,0,0,1,0,1,0,0,0,0,0,0,12,2,10
C0101,33,620,05811,638575,Annalagraharam (CT),Urban,11129,5534,5595,10528,5236,5292,278,139,139,311,155,156,0,0,0,2,0,2,4,1,3,0,0,0,6,3,3
C0101,33,620,05811,638576,Natchiarkoil (CT),Urban,7505,3736,3769,5353,2712,2641,1317,615,702,831,406,425,0,0,0,0,0,0,0,0,0,0,0,0,4,3,1
C0101,33,620,05811,803695,Cholapuram (TP),Urban,6803,3195,3608,3796,1843,1953,2963,1337,1626,43,14,29,0,0,0,0,0,0,0,0,0,0,0,0,1,1,0
C0101,33,620,05811,803696,Thirunageswaram (TP),Urban,15082,7308,7774,12974,6382,6592,1748,766,982,344,155,189,2,0,2,1,0,1,1,0,1,0,0,0,12,5,7
C0101,33,620,05811,803697,Kumbakonam (M),Urban,140156,69340,70816,120632,59905,60727,13417,6588,6829,5590,2605,2985,4,1,3,5,4,1,326,164,162,5,2,3,177,71,106
C0101,33,620,05811,803698,Swamimalai (TP),Urban,7289,3523,3766,5536,2720,2816,1663,766,897,82,33,49,1,1,0,0,0,0,0,0,0,0,0,0,7,3,4
C0101,33,620,05811,803699,Dharasuram (TP),Urban,15326,7663,7663,14254,7172,7082,767,353,414,281,126,155,0,0,0,0,0,0,3,1,2,2,1,1,19,10,9
C0101,33,620,05812,000000,Sub-District - Papanasam,Total,273511,133965,139546,222393,110720,111673,38844,17190,21654,12013,5930,6083,27,16,11,44,36,8,13,5,8,14,4,10,163,64,99
C0101,33,620,05812,000000,Sub-District - Papanasam,Rural,210770,103744,107026,179471,89344,90127,21892,9711,12181,9218,4598,4620,23,12,11,43,36,7,3,1,2,9,3,6,111,39,72
C0101,33,620,05812,000000,Sub-District - Papanasam,Urban,62741,30221,32520,42922,21376,21546,16952,7479,9473,2795,1332,1463,4,4,0,1,0,1,10,4,6,5,1,4,52,25,27
C0101,33,620,05812,638683,Chakkarapalli (CT),Urban,6227,2789,3438,252,128,124,5965,2655,3310,9,5,4,0,0,0,0,0,0,0,0,0,0,0,0,1,1,0
C0101,33,620,05812,803700,Papanasam (TP),Urban,17548,8628,8920,13437,6729,6708,2702,1229,1473,1374,656,718,0,0,0,0,0,0,6,2,4,2,1,1,27,11,16
C0101,33,620,05812,803701,Ayyampettai (TP),Urban,16263,7593,8670,9774,4809,4965,6372,2730,3642,106,49,57,1,1,0,0,0,0,3,2,1,0,0,0,7,2,5
C0101,33,620,05812,803702,Melattur (TP),Urban,8131,4107,4024,7572,3818,3754,83,44,39,474,244,230,0,0,0,1,0,1,0,0,0,0,0,0,1,1,0
C0101,33,620,05812,803703,Ammapettai (TP),Urban,14572,7104,7468,11887,5892,5995,1830,821,1009,832,378,454,3,3,0,0,0,0,1,0,1,3,0,3,16,10,6
C0101,33,620,05813,000000,Sub-District - Thiruvaiyaru,Total,185803,91759,94044,150134,74451,75683,12067,5722,6345,21846,10729,11117,28,12,16,465,228,237,521,245,276,15,4,11,727,368,359
C0101,33,620,05813,000000,Sub-District - Thiruvaiyaru,Rural,147593,73058,74535,120029,59572,60457,7316,3517,3799,18547,9144,9403,22,10,12,458,225,233,519,243,276,15,4,11,687,343,344
C0101,33,620,05813,000000,Sub-District - Thiruvaiyaru,Urban,38210,18701,19509,30105,14879,15226,4751,2205,2546,3299,1585,1714,6,2,4,7,3,4,2,2,0,0,0,0,40,25,15
C0101,33,620,05813,803704,Thiruvaiyaru (TP),Urban,16164,7895,8269,14882,7284,7598,394,187,207,871,416,455,5,2,3,3,1,2,0,0,0,0,0,0,9,5,4
C0101,33,620,05813,803705,Melathiruppanthuruthi (TP),Urban,9074,4304,4770,3714,1805,1909,3761,1727,2034,1589,767,822,0,0,0,1,0,1,0,0,0,0,0,0,9,5,4
C0101,33,620,05813,803706,Thirukkattupalli (TP),Urban,12972,6502,6470,11509,5790,5719,596,291,305,839,402,437,1,0,1,3,2,1,2,2,0,0,0,0,22,15,7
C0101,33,620,05814,000000,Sub-District - Thanjavur,Total,511865,253198,258667,430190,213510,216680,27678,13521,14157,53132,25767,27365,52,28,24,64,26,38,206,108,98,32,13,19,511,225,286
C0101,33,620,05814,000000,Sub-District - Thanjavur,Rural,204040,102715,101325,177646,89611,88035,3302,1676,1626,22769,11276,11493,28,22,6,33,14,19,41,21,20,7,4,3,214,91,123
C0101,33,620,05814,000000,Sub-District - Thanjavur,Urban,307825,150483,157342,252544,123899,128645,24376,11845,12531,30363,14491,15872,24,6,18,31,12,19,165,87,78,25,9,16,297,134,163
C0101,33,620,05814,638845,Pudupattinam (CT),Urban,10210,5014,5196,9064,4446,4618,468,225,243,672,338,334,0,0,0,0,0,0,0,0,0,0,0,0,6,5,1
C0101,33,620,05814,638846,Nanjikottai (CT),Urban,32689,16111,16578,25750,12794,12956,1517,719,798,5380,2578,2802,1,0,1,7,4,3,3,1,2,8,3,5,23,12,11
C0101,33,620,05814,638847,Neelagiri (CT),Urban,16197,8100,8097,14276,7146,7130,919,446,473,970,493,477,0,0,0,2,1,1,19,9,10,0,0,0,11,5,6
C0101,33,620,05814,638848,Vilar (CT),Urban,9028,4247,4781,7280,3478,3802,404,204,200,1344,565,779,0,0,0,0,0,0,0,0,0,0,0,0,0,0,0
C0101,33,620,05814,803707,Thanjavur (M),Urban,222943,109199,113744,184757,90747,94010,18600,9122,9478,19139,9128,10011,23,6,17,17,6,11,142,76,66,17,6,11,248,108,140
C0101,33,620,05814,803708,Vallam (TP),Urban,16758,7812,8946,11417,5288,6129,2468,1129,1339,2858,1389,1469,0,0,0,5,1,4,1,1,0,0,0,0,9,4,5
C0101,33,620,05815,000000,Sub-District - Orathanadu,Total,246871,120073,126798,240552,117041,123511,3563,1705,1858,2564,1236,1328,19,14,5,12,7,5,15,6,9,44,23,21,102,41,61
C0101,33,620,05815,000000,Sub-District - Orathanadu,Rural,236624,115186,121438,232171,113037,119134,2091,1006,1085,2172,1054,1118,17,12,5,12,7,5,15,6,9,44,23,21,102,41,61
C0101,33,620,05815,000000,Sub-District - Orathanadu,Urban,10247,4887,5360,8381,4004,4377,1472,699,773,392,182,210,2,2,0,0,0,0,0,0,0,0,0,0,0,0,0
C0101,33,620,05815,803709,Orathanadu (Mukthambalpuram) (TP),Urban,10247,4887,5360,8381,4004,4377,1472,699,773,392,182,210,2,2,0,0,0,0,0,0,0,0,0,0,0,0,0
C0101,33,620,05816,000000,Sub-District - Pattukkottai,Total,396236,191332,204904,338445,163547,174898,41605,19966,21639,15253,7307,7946,58,25,33,174,85,89,145,86,59,24,11,13,532,305,227
C0101,33,620,05816,000000,Sub-District - Pattukkottai,Rural,275769,132371,143398,255033,122232,132801,9124,4493,4631,11016,5306,5710,31,12,19,103,53,50,37,30,7,7,1,6,418,244,174
C0101,33,620,05816,000000,Sub-District - Pattukkottai,Urban,120467,58961,61506,83412,41315,42097,32481,15473,17008,4237,2001,2236,27,13,14,71,32,39,108,56,52,17,10,7,114,61,53
C0101,33,620,05816,803710,Madukkur (TP),Urban,16266,7678,8588,9347,4543,4804,6670,3010,3660,202,103,99,2,0,2,7,3,4,12,6,6,0,0,0,26,13,13
C0101,33,620,05816,803711,Pattukkottai (M),Urban,73135,36386,36749,63496,31650,31846,5539,2804,2735,3902,1831,2071,17,10,7,54,25,29,42,21,21,11,7,4,74,38,36
C0101,33,620,05816,803712,Adiramapattinam (TP),Urban,31066,14897,16169,10569,5122,5447,20272,9659,10613,133,67,66,8,3,5,10,4,6,54,29,25,6,3,3,14,10,4
C0101,33,620,05817,000000,Sub-District - Peravurani,Total,123861,60326,63535,109730,53637,56093,12077,5668,6409,1901,938,963,17,11,6,3,3,0,2,0,2,1,1,0,130,68,62
C0101,33,620,05817,000000,Sub-District - Peravurani,Rural,96173,46918,49255,85751,42000,43751,9838,4624,5214,444,218,226,16,11,5,2,2,0,2,0,2,1,1,0,119,62,57
C0101,33,620,05817,000000,Sub-District - Peravurani,Urban,27688,13408,14280,23979,11637,12342,2239,1044,1195,1457,720,737,1,0,1,1,1,0,0,0,0,0,0,0,11,6,5
C0101,33,620,05817,803713,Peravurani (TP),Urban,22084,10643,11441,18429,8894,9535,2204,1027,1177,1439,715,724,1,0,1,1,1,0,0,0,0,0,0,0,10,6,4
C0101,33,620,05817,803714,Perumagalur (TP),Urban,5604,2765,2839,5550,2743,2807,35,17,18,18,5,13,0,0,0,0,0,0,0,0,0,0,0,0,1,0,1
C0101,33,621,00000,000000,District - Pudukkottai,Total,1618345,803188,815157,1428784,709977,718807,114194,55943,58251,72850,36049,36801,119,62,57,81,48,33,32,16,16,293,133,160,1992,960,1032
C0101,33,621,00000,000000,District - Pudukkottai,Rural,1301991,645505,656486,1182872,587225,595647,60197,29048,31149,57210,28432,28778,76,42,34,70,40,30,26,13,13,243,108,135,1297,597,700
C0101,33,621,00000,000000,District - Pudukkottai,Urban,316354,157683,158671,245912,122752,123160,53997,26895,27102,15640,7617,8023,43,20,23,11,8,3,6,3,3,50,25,25,695,363,332
C0101,33,621,05818,000000,Sub-District - Iluppur,Total,219491,109203,110288,198670,98936,99734,11221,5551,5670,9142,4513,4629,11,3,8,9,6,3,4,2,2,192,84,108,242,108,134
C0101,33,621,05818,000000,Sub-District - Iluppur,Rural,185575,92278,93297,172831,86025,86806,5521,2698,2823,6799,3372,3427,10,2,8,7,4,3,4,2,2,192,84,108,211,91,120
C0101,33,621,05818,000000,Sub-District - Iluppur,Urban,33916,16925,16991,25839,12911,12928,5700,2853,2847,2343,1141,1202,1,1,0,2,2,0,0,0,0,0,0,0,31,17,14
C0101,33,621,05818,639295,Viralimalai (CT),Urban,10883,5483,5400,9910,5017,4893,180,88,92,780,370,410,0,0,0,0,0,0,0,0,0,0,0,0,13,8,5
C0101,33,621,05818,803715,Iluppur (TP),Urban,14127,7013,7114,9722,4828,4894,3044,1514,1530,1350,666,684,1,1,0,2,2,0,0,0,0,0,0,0,8,2,6
C0101,33,621,05818,803716,Annavasal (TP),Urban,8906,4429,4477,6207,3066,3141,2476,1251,1225,213,105,108,0,0,0,0,0,0,0,0,0,0,0,0,10,7,3
C0101,33,621,05819,000000,Sub-District - Kulathur,Total,162524,81433,81091,142578,71460,71118,5338,2701,2637,14045,7021,7024,8,4,4,14,9,5,5,3,2,7,3,4,529,232,297
C0101,33,621,05819,000000,Sub-District - Kulathur,Rural,150857,75604,75253,134113,67215,66898,3314,1701,1613,12871,6439,6432,8,4,4,14,9,5,3,1,2,7,3,4,527,232,295
C0101,33,621,05819,000000,Sub-District - Kulathur,Urban,11667,5829,5838,8465,4245,4220,2024,1000,1024,1174,582,592,0,0,0,0,0,0,2,2,0,0,0,0,2,0,2
C0101,33,621,05819,803717,Keeranur (TP),Urban,11667,5829,5838,8465,4245,4220,2024,1000,1024,1174,582,592,0,0,0,0,0,0,2,2,0,0,0,0,2,0,2
C0101,33,621,05820,000000,Sub-District - Gandarvakkottai,Total,89982,45167,44815,86323,43383,42940,1716,850,866,1903,917,986,3,1,2,3,0,3,1,1,0,1,1,0,32,14,18
C0101,33,621,05820,000000,Sub-District - Gandarvakkottai,Rural,89982,45167,44815,86323,43383,42940,1716,850,866,1903,917,986,3,1,2,3,0,3,1,1,0,1,1,0,32,14,18
C0101,33,621,05820,000000,Sub-District - Gandarvakkottai,Urban,0,0,0,0,0,0,0,0,0,0,0,0,0,0,0,0,0,0,0,0,0,0,0,0,0,0,0
C0101,33,621,05821,000000,Sub-District - Pudukkottai,Total,228282,113921,114361,194554,97055,97499,22469,11322,11147,10465,5121,5344,34,18,16,14,8,6,6,4,2,46,24,22,694,369,325
C0101,33,621,05821,000000,Sub-District - Pudukkottai,Rural,75621,37636,37985,72101,35905,36196,1622,796,826,1797,875,922,6,5,1,8,5,3,5,4,1,4,2,2,78,44,34
C0101,33,621,05821,000000,Sub-District - Pudukkottai,Urban,152661,76285,76376,122453,61150,61303,20847,10526,10321,8668,4246,4422,28,13,15,6,3,3,1,0,1,42,22,20,616,325,291
C0101,33,621,05821,639446,Nathampannai (CT),Urban,8915,4454,4461,7650,3841,3809,515,254,261,744,357,387,0,0,0,0,0,0,0,0,0,0,0,0,6,2,4
C0101,33,621,05821,639447,Pudukkottai (CT),Urban,26116,13094,13022,21401,10697,10704,2526,1302,1224,2167,1087,1080,2,1,1,4,2,2,0,0,0,0,0,0,16,5,11
C0101,33,621,05821,803718,Pudukkottai (M),Urban,117630,58737,58893,93402,46612,46790,17806,8970,8836,5757,2802,2955,26,12,14,2,1,1,1,0,1,42,22,20,594,318,276
C0101,33,621,05822,000000,Sub-District - Thirumayam,Total,158860,79002,79858,149535,74358,75177,3688,1811,1877,5550,2790,2760,9,5,4,2,1,1,4,1,3,12,4,8,60,32,28
C0101,33,621,05822,000000,Sub-District - Thirumayam,Rural,149912,74537,75375,140987,70092,70895,3443,1685,1758,5402,2720,2682,7,4,3,2,1,1,3,1,2,10,3,7,58,31,27
C0101,33,621,05822,000000,Sub-District - Thirumayam,Urban,8948,4465,4483,8548,4266,4282,245,126,119,148,70,78,2,1,1,0,0,0,1,0,1,2,1,1,2,1,1
C0101,33,621,05822,803719,Arimalam (TP),Urban,8948,4465,4483,8548,4266,4282,245,126,119,148,70,78,2,1,1,0,0,0,1,0,1,2,1,1,2,1,1
C0101,33,621,05823,000000,Sub-District - Ponnamaravathi,Total,108479,53788,54691,102178,50703,51475,5286,2592,2694,907,444,463,19,10,9,3,1,2,2,0,2,11,6,5,73,32,41
C0101,33,621,05823,000000,Sub-District - Ponnamaravathi,Rural,95803,47483,48320,90428,44858,45570,4540,2221,2319,733,357,376,17,9,8,3,1,2,2,0,2,10,6,4,70,31,39
C0101,33,621,05823,000000,Sub-District - Ponnamaravathi,Urban,12676,6305,6371,11750,5845,5905,746,371,375,174,87,87,2,1,1,0,0,0,0,0,0,1,0,1,3,1,2
C0101,33,621,05823,803720,Ponnamaravathi (TP),Urban,12676,6305,6371,11750,5845,5905,746,371,375,174,87,87,2,1,1,0,0,0,0,0,0,1,0,1,3,1,2
C0101,33,621,05824,000000,Sub-District - Alangudi,Total,170419,84023,86396,155786,76880,78906,6919,3327,3592,7638,3781,3857,7,4,3,9,7,2,1,1,0,10,4,6,49,19,30
C0101,33,621,05824,000000,Sub-District - Alangudi,Rural,142299,70208,72091,132846,65548,67298,2583,1248,1335,6809,3385,3424,6,4,2,7,5,2,1,1,0,10,4,6,37,13,24
C0101,33,621,05824,000000,Sub-District - Alangudi,Urban,28120,13815,14305,22940,11332,11608,4336,2079,2257,829,396,433,1,0,1,2,2,0,0,0,0,0,0,0,12,6,6
C0101,33,621,05824,639647,Kallangudy (CT),Urban,6396,3192,3204,4988,2513,2475,1279,619,660,124,58,66,1,0,1,0,0,0,0,0,0,0,0,0,4,2,2
C0101,33,621,05824,803721,Alangudi (TP),Urban,12367,6149,6218,9878,4907,4971,1798,910,888,689,330,359,0,0,0,1,1,0,0,0,0,0,0,0,1,1,0
C0101,33,621,05824,803722,Keeramangalam (TP),Urban,9357,4474,4883,8074,3912,4162,1259,550,709,16,8,8,0,0,0,1,1,0,0,0,0,0,0,0,7,3,4
C0101,33,621,05825,000000,Sub-District - Karambakudi,Total,110604,54694,55910,100343,49679,50664,6443,3155,3288,3702,1794,1908,13,9,4,4,4,0,1,0,1,4,3,1,94,50,44
C0101,33,621,05825,000000,Sub-District - Karambakudi,Rural,95978,47317,48661,89967,44421,45546,2431,1159,1272,3477,1678,1799,7,6,1,3,3,0,1,0,1,3,2,1,89,48,41
C0101,33,621,05825,000000,Sub-District - Karambakudi,Urban,14626,7377,7249,10376,5258,5118,4012,1996,2016,225,116,109,6,3,3,1,1,0,0,0,0,1,1,0,5,2,3
C0101,33,621,05825,803723,Karambakkudi (TP),Urban,14626,7377,7249,10376,5258,5118,4012,1996,2016,225,116,109,6,3,3,1,1,0,0,0,0,1,1,0,5,2,3
C0101,33,621,05826,000000,Sub-District - Aranthangi,Total,195782,95245,100537,174612,85327,89285,17303,8084,9219,3780,1789,1991,8,5,3,1,1,0,3,2,1,8,3,5,67,34,33
C0101,33,621,05826,000000,Sub-District - Aranthangi,Rural,154968,75144,79824,144198,70257,73941,8320,3692,4628,2386,1160,1226,5,4,1,1,1,0,1,1,0,6,3,3,51,26,25
C0101,33,621,05826,000000,Sub-District - Aranthangi,Urban,40814,20101,20713,30414,15070,15344,8983,4392,4591,1394,629,765,3,1,2,0,0,0,2,1,1,2,0,2,16,8,8
C0101,33,621,05826,803724,Aranthangi (M),Urban,40814,20101,20713,30414,15070,15344,8983,4392,4591,1394,629,765,3,1,2,0,0,0,2,1,1,2,0,2,16,8,8
C0101,33,621,05827,000000,Sub-District - Manamelkudi,Total,86672,42953,43719,56517,28222,28295,22907,11153,11754,7134,3529,3605,5,1,4,6,3,3,3,1,2,2,1,1,98,43,55
C0101,33,621,05827,000000,Sub-District - Manamelkudi,Rural,73746,36372,37374,51390,25547,25843,15803,7601,8202,6449,3179,3270,5,1,4,6,3,3,3,1,2,0,0,0,90,40,50
C0101,33,621,05827,000000,Sub-District - Manamelkudi,Urban,12926,6581,6345,5127,2675,2452,7104,3552,3552,685,350,335,0,0,0,0,0,0,0,0,0,2,1,1,8,3,5
C0101,33,621,05827,639867,Ammapattinam (CT),Urban,6652,3355,3297,394,201,193,6085,3066,3019,171,87,84,0,0,0,0,0,0,0,0,0,0,0,0,2,1,1
C0101,33,621,05827,639868,Keelamanjakudi (CT),Urban,6274,3226,3048,4733,2474,2259,1019,486,533,514,263,251,0,0,0,0,0,0,0,0,0,2,1,1,6,2,4
C0101,33,621,05828,000000,Sub-District - Avudayarkoil,Total,87250,43759,43491,67688,33974,33714,10904,5397,5507,8584,4350,4234,2,2,0,16,8,8,2,1,1,0,0,0,54,27,27
C0101,33,621,05828,000000,Sub-District - Avudayarkoil,Rural,87250,43759,43491,67688,33974,33714,10904,5397,5507,8584,4350,4234,2,2,0,16,8,8,2,1,1,0,0,0,54,27,27
C0101,33,621,05828,000000,Sub-District - Avudayarkoil,Urban,0,0,0,0,0,0,0,0,0,0,0,0,0,0,0,0,0,0,0,0,0,0,0,0,0,0,0
C0101,33,622,00000,000000,District - Sivaganga,Total,1339101,668672,670429,1186078,592770,593308,74310,37200,37110,75481,37160,38321,150,78,72,80,36,44,109,52,57,24,13,11,2869,1363,1506
C0101,33,622,00000,000000,District - Sivaganga,Rural,926256,462210,464046,846522,422924,423598,19349,9617,9732,58268,28651,29617,91,46,45,58,26,32,43,17,26,16,9,7,1909,920,989
C0101,33,622,00000,000000,District - Sivaganga,Urban,412845,206462,206383,339556,169846,169710,54961,27583,27378,17213,8509,8704,59,32,27,22,10,12,66,35,31,8,4,4,960,443,517
C0101,33,622,05829,000000,Sub-District - Tirupathur,Total,275779,138228,137551,254548,127608,126940,15869,7975,7894,4678,2325,2353,29,12,17,15,6,9,11,5,6,3,0,3,626,297,329
C0101,33,622,05829,000000,Sub-District - Tirupathur,Rural,224491,112784,111707,213411,107202,106209,7389,3759,3630,3165,1573,1592,22,8,14,6,3,3,6,2,4,2,0,2,490,237,253
C0101,33,622,05829,000000,Sub-District - Tirupathur,Urban,51288,25444,25844,41137,20406,20731,8480,4216,4264,1513,752,761,7,4,3,9,3,6,5,3,2,1,0,1,136,60,76
C0101,33,622,05829,803725,Nerkuppai (TP),Urban,7165,3623,3542,6613,3343,3270,298,148,150,234,121,113,0,0,0,2,1,1,0,0,0,0,0,0,18,10,8
C0101,33,622,05829,803726,Singampuneri (TP),Urban,18143,9041,9102,16206,8061,8145,1645,833,812,247,127,120,5,2,3,1,0,1,4,3,1,1,0,1,34,15,19
C0101,33,622,05829,803727,Tirupathur (TP),Urban,25980,12780,13200,18318,9002,9316,6537,3235,3302,1032,504,528,2,2,0,6,2,4,1,0,1,0,0,0,84,35,49
C0101,33,622,05830,000000,Sub-District - Karaikkudi,Total,300527,149443,151084,267513,133026,134487,18057,9072,8985,14064,6905,7159,39,23,16,9,4,5,58,32,26,2,2,0,785,379,406
C0101,33,622,05830,000000,Sub-District - Karaikkudi,Rural,118676,58644,60032,109718,54290,55428,1754,838,916,6805,3302,3503,19,11,8,5,2,3,3,3,0,1,1,0,371,197,174
C0101,33,622,05830,000000,Sub-District - Karaikkudi,Urban,181851,90799,91052,157795,78736,79059,16303,8234,8069,7259,3603,3656,20,12,8,4,2,2,55,29,26,1,1,0,414,182,232
C0101,33,622,05830,640126,Sankarapuram (CT),Urban,26536,13283,13253,23812,11933,11879,888,459,429,1793,879,914,1,0,1,0,0,0,2,1,1,0,0,0,40,11,29
C0101,33,622,05830,803728,Kanadukathan (TP),Urban,5275,2634,2641,5119,2561,2558,56,31,25,52,24,28,0,0,0,0,0,0,0,0,0,0,0,0,48,18,30
C0101,33,622,05830,803729,Pallathur (TP),Urban,9580,4754,4826,8897,4430,4467,553,262,291,126,61,65,2,1,1,1,0,1,0,0,0,0,0,0,1,0,1
C0101,33,622,05830,803730,Kottaiyur (TP),Urban,14766,7402,7364,14002,7025,6977,158,80,78,582,288,294,1,0,1,0,0,0,0,0,0,0,0,0,23,9,14
C0101,33,622,05830,803731,Kandanur (TP),Urban,7696,3795,3901,7367,3633,3734,296,147,149,26,14,12,1,0,1,0,0,0,0,0,0,0,0,0,6,1,5
C0101,33,622,05830,803732,Puduvayal (TP),Urban,11284,5583,5701,9007,4405,4602,2200,1138,1062,69,35,34,1,1,0,0,0,0,0,0,0,1,1,0,6,3,3
C0101,33,622,05830,803733,Karaikkudi (M),Urban,106714,53348,53366,89591,44749,44842,12152,6117,6035,4611,2302,2309,14,10,4,3,2,1,53,28,25,0,0,0,290,140,150
C0101,33,622,05831,000000,Sub-District - Devakottai,Total,157631,79606,78025,133536,67530,66006,6611,3366,3245,16701,8361,8340,16,9,7,17,7,10,23,12,11,2,2,0,725,319,406
C0101,33,622,05831,000000,Sub-District - Devakottai,Rural,105766,53435,52331,90566,45841,44725,1465,725,740,13072,6577,6495,7,5,2,15,6,9,19,9,10,2,2,0,620,270,350
C0101,33,622,05831,000000,Sub-District - Devakottai,Urban,51865,26171,25694,42970,21689,21281,5146,2641,2505,3629,1784,1845,9,4,5,2,1,1,4,3,1,0,0,0,105,49,56
C0101,33,622,05831,803734,Devakottai (M),Urban,51865,26171,25694,42970,21689,21281,5146,2641,2505,3629,1784,1845,9,4,5,2,1,1,4,3,1,0,0,0,105,49,56
C0101,33,622,05832,000000,Sub-District - Sivaganga,Total,288674,142979,145695,258908,128457,130451,7770,3863,3907,21580,10466,11114,35,20,15,21,13,8,8,2,6,8,3,5,344,155,189
C0101,33,622,05832,000000,Sub-District - Sivaganga,Rural,242411,119850,122561,219168,108553,110615,3410,1703,1707,19628,9503,10125,26,14,12,17,10,7,7,2,5,8,3,5,147,62,85
C0101,33,622,05832,000000,Sub-District - Sivaganga,Urban,46263,23129,23134,39740,19904,19836,4360,2160,2200,1952,963,989,9,6,3,4,3,1,1,0,1,0,0,0,197,93,104
C0101,33,622,05832,803735,Nattarasankottai (TP),Urban,5860,2830,3030,5499,2660,2839,291,135,156,69,35,34,0,0,0,0,0,0,0,0,0,0,0,0,1,0,1
C0101,33,622,05832,803736,Sivaganga (M),Urban,40403,20299,20104,34241,17244,16997,4069,2025,2044,1883,928,955,9,6,3,4,3,1,1,0,1,0,0,0,196,93,103
C0101,33,622,05833,000000,Sub-District - Manamadurai,Total,207223,104428,102795,195148,98377,96771,6815,3373,3442,4939,2504,2435,18,9,9,7,4,3,8,1,7,8,5,3,280,155,125
C0101,33,622,05833,000000,Sub-District - Manamadurai,Rural,150412,75957,74455,143850,72648,71202,3471,1708,1763,2871,1481,1390,13,7,6,4,3,1,7,1,6,2,2,0,194,107,87
C0101,33,622,05833,000000,Sub-District - Manamadurai,Urban,56811,28471,28340,51298,25729,25569,3344,1665,1679,2068,1023,1045,5,2,3,3,1,2,1,0,1,6,3,3,86,48,38
C0101,33,622,05833,803737,Thirupuvanam (TP),Urban,24554,12333,12221,22245,11206,11039,2027,997,1030,232,106,126,2,1,1,0,0,0,0,0,0,5,2,3,43,21,22
C0101,33,622,05833,803738,Manamadurai (TP),Urban,32257,16138,16119,29053,14523,14530,1317,668,649,1836,917,919,3,1,2,3,1,2,1,0,1,1,1,0,43,27,16
C0101,33,622,05834,000000,Sub-District - Ilayangudi,Total,109267,53988,55279,76425,37772,38653,19188,9551,9637,13519,6599,6920,13,5,8,11,2,9,1,0,1,1,1,0,109,58,51
C0101,33,622,05834,000000,Sub-District - Ilayangudi,Rural,84500,41540,42960,69809,34390,35419,1860,884,976,12727,6215,6512,4,1,3,11,2,9,1,0,1,1,1,0,87,47,40
C0101,33,622,05834,000000,Sub-District - Ilayangudi,Urban,24767,12448,12319,6616,3382,3234,17328,8667,8661,792,384,408,9,4,5,0,0,0,0,0,0,0,0,0,22,11,11
C0101,33,622,05834,803739,Ilayangudi (TP),Urban,24767,12448,12319,6616,3382,3234,17328,8667,8661,792,384,408,9,4,5,0,0,0,0,0,0,0,0,0,22,11,11
C0101,33,623,00000,000000,District - Madurai,Total,3038252,1526475,1511777,2760502,1388684,1371818,168881,84900,83981,97711,47605,50106,520,292,228,199,102,97,1532,780,752,305,162,143,8602,3950,4652
C0101,33,623,00000,000000,District - Madurai,Rural,1191451,601247,590204,1148814,579739,569075,28648,14481,14167,10523,5318,5205,194,118,76,67,41,26,37,22,15,60,39,21,3108,1489,1619
C0101,33,623,00000,000000,District - Madurai,Urban,1846801,925228,921573,1611688,808945,802743,140233,70419,69814,87188,42287,44901,326,174,152,132,61,71,1495,758,737,245,123,122,5494,2461,3033
C0101,33,623,05835,000000,Sub-District - Melur,Total,291398,146711,144687,266598,134313,132285,22171,11093,11078,1981,992,989,36,21,15,21,12,9,10,5,5,9,7,2,572,268,304
C0101,33,623,05835,000000,Sub-District - Melur,Rural,243056,122129,120927,227511,114341,113170,13997,7009,6988,1083,550,533,26,15,11,19,10,9,7,5,2,9,7,2,404,192,212
C0101,33,623,05835,000000,Sub-District - Melur,Urban,48342,24582,23760,39087,19972,19115,8174,4084,4090,898,442,456,10,6,4,2,2,0,3,0,3,0,0,0,168,76,92
C0101,33,623,05835,803740,A.Vellalapatti (TP),Urban,8325,4177,4148,7584,3814,3770,652,319,333,21,8,13,1,1,0,1,1,0,1,0,1,0,0,0,65,34,31
C0101,33,623,05835,803741,Melur (M),Urban,40017,20405,19612,31503,16158,15345,7522,3765,3757,877,434,443,9,5,4,1,1,0,2,0,2,0,0,0,103,42,61
C0101,33,623,05836,000000,Sub-District - Madurai North,Total,494430,248631,245799,440924,221912,219012,28889,14732,14157,22714,11141,11573,78,51,27,59,27,32,159,77,82,33,19,14,1574,672,902
C0101,33,623,05836,000000,Sub-District - Madurai North,Rural,186108,94032,92076,175535,88699,86836,7287,3716,3571,2749,1364,1385,23,18,5,15,11,4,2,1,1,12,6,6,485,217,268
C0101,33,623,05836,000000,Sub-District - Madurai North,Urban,308322,154599,153723,265389,133213,132176,21602,11016,10586,19965,9777,10188,55,33,22,44,16,28,157,76,81,21,13,8,1089,455,634
C0101,33,623,05836,640706,Arumbanur (CT),Urban,6148,3066,3082,5914,2953,2961,161,78,83,54,26,28,6,3,3,5,2,3,6,3,3,0,0,0,2,1,1
C0101,33,623,05836,640707,Samayanallur (CT),Urban,9227,4589,4638,8084,4027,4057,318,162,156,816,395,421,0,0,0,4,3,1,1,0,1,0,0,0,4,2,2
C0101,33,623,05836,640708,Thiruppalai (CT),Urban,19305,9776,9529,16870,8570,8300,1317,658,659,1036,511,525,3,2,1,2,0,2,53,26,27,3,2,1,21,7,14
C0101,33,623,05836,640709,Narasingam (CT),Urban,5971,2987,2984,5623,2799,2824,220,118,102,124,66,58,1,1,0,0,0,0,0,0,0,0,0,0,3,3,0
C0101,33,623,05836,640710,Kannanendal (CT),Urban,31095,15264,15831,26338,12784,13554,2410,1316,1094,2272,1129,1143,7,4,3,5,2,3,18,9,9,0,0,0,45,20,25
C0101,33,623,05836,640711,Nagavakulam (CT),Urban,23284,11665,11619,20173,10114,10059,1479,745,734,1500,753,747,7,5,2,5,1,4,31,14,17,1,1,0,88,32,56
C0101,33,623,05836,640712,Othakadai (CT),Urban,15152,7705,7447,12744,6488,6256,1961,993,968,434,214,220,2,1,1,1,0,1,0,0,0,0,0,0,10,9,1
C0101,33,623,05836,640713,Melamadai (CT),Urban,43797,22166,21631,36446,18460,17986,5312,2680,2632,1823,922,901,5,3,2,4,3,1,40,21,19,14,9,5,153,68,85
C0101,33,623,05836,640714,Vandiyur (CT),Urban,28646,14398,14248,26205,13196,13009,1372,703,669,840,404,436,6,3,3,1,0,1,1,0,1,0,0,0,221,92,129
C0101,33,623,05836,640715,Sakkimangalam (CT),Urban,10854,5458,5396,8417,4221,4196,2294,1173,1121,115,51,64,0,0,0,0,0,0,0,0,0,0,0,0,28,13,15
C0101,33,623,05836,803742,Anaiyur (M),Urban,63917,32114,31803,54385,27397,26988,3770,1911,1859,5633,2742,2891,6,4,2,2,0,2,6,3,3,2,1,1,113,56,57
C0101,33,623,05836,803743,Paravai (TP),Urban,20042,10076,9966,18703,9436,9267,203,92,111,852,444,408,4,2,2,2,0,2,1,0,1,1,0,1,276,102,174
C0101,33,623,05836,803744,Vilangudi (TP),Urban,30884,15335,15549,25487,12768,12719,785,387,398,4466,2120,2346,8,5,3,13,5,8,0,0,0,0,0,0,125,50,75
C0101,33,623,05837,000000,Sub-District - Vadipatti,Total,234533,117723,116810,227108,114003,113105,3624,1836,1788,2669,1328,1341,69,33,36,9,6,3,7,6,1,11,5,6,1036,506,530
C0101,33,623,05837,000000,Sub-District - Vadipatti,Rural,162301,81636,80665,157828,79363,78465,2314,1191,1123,1720,856,864,18,6,12,6,4,2,2,2,0,4,3,1,409,211,198
C0101,33,623,05837,000000,Sub-District - Vadipatti,Urban,72232,36087,36145,69280,34640,34640,1310,645,665,949,472,477,51,27,24,3,2,1,5,4,1,7,2,5,627,295,332
C0101,33,623,05837,803745,Vadipatti (TP),Urban,26830,13326,13504,25849,12870,12979,156,72,84,390,182,208,47,25,22,0,0,0,4,3,1,6,2,4,378,172,206
C0101,33,623,05837,803746,Palamedu (TP),Urban,10493,5307,5186,10381,5249,5132,31,15,16,42,25,17,1,1,0,0,0,0,1,1,0,0,0,0,37,16,21
C0101,33,623,05837,803747,Sholavandan (TP),Urban,22578,11168,11410,21120,10430,10690,1023,513,510,370,193,177,3,1,2,1,0,1,0,0,0,1,0,1,60,31,29
C0101,33,623,05837,803748,Alanganallur (TP),Urban,12331,6286,6045,11930,6091,5839,100,45,55,147,72,75,0,0,0,2,2,0,0,0,0,0,0,0,152,76,76
C0101,33,623,05838,000000,Sub-District - Usilampatti,Total,195756,99923,95833,191142,97609,93533,1534,792,742,1950,1010,940,33,14,19,4,2,2,9,6,3,11,5,6,1073,485,588
C0101,33,623,05838,000000,Sub-District - Usilampatti,Rural,160537,82298,78239,157851,80926,76925,712,362,350,925,529,396,25,10,15,3,2,1,9,6,3,6,2,4,1006,461,545
C0101,33,623,05838,000000,Sub-District - Usilampatti,Urban,35219,17625,17594,33291,16683,16608,822,430,392,1025,481,544,8,4,4,1,0,1,0,0,0,5,3,2,67,24,43
C0101,33,623,05838,803749,Usilampatti (M),Urban,35219,17625,17594,33291,16683,16608,822,430,392,1025,481,544,8,4,4,1,0,1,0,0,0,5,3,2,67,24,43
C0101,33,623,05839,000000,Sub-District - Peraiyur,Total,200510,100448,100062,195672,98016,97656,3253,1650,1603,992,475,517,29,14,15,10,4,6,8,4,4,7,3,4,539,282,257
C0101,33,623,05839,000000,Sub-District - Peraiyur,Rural,163608,81863,81745,161073,80590,80483,1336,668,668,693,333,360,29,14,15,8,3,5,8,4,4,5,3,2,456,248,208
C0101,33,623,05839,000000,Sub-District - Peraiyur,Urban,36902,18585,18317,34599,17426,17173,1917,982,935,299,142,157,0,0,0,2,1,1,0,0,0,2,0,2,83,34,49
C0101,33,623,05839,803750,Elumalai (TP),Urban,15746,7890,7856,15237,7638,7599,407,209,198,55,23,32,0,0,0,0,0,0,0,0,0,0,0,0,47,20,27
C0101,33,623,05839,803751,T.Kallupatti (TP),Urban,10762,5403,5359,10493,5260,5233,116,65,51,132,70,62,0,0,0,1,0,1,0,0,0,0,0,0,20,8,12
C0101,33,623,05839,803752,Peraiyur (TP),Urban,10394,5292,5102,8869,4528,4341,1394,708,686,112,49,63,0,0,0,1,1,0,0,0,0,2,0,2,16,6,10
C0101,33,623,05840,000000,Sub-District - Thirumangalam,Total,229645,115359,114286,218927,110062,108865,7204,3597,3607,3153,1540,1613,19,9,10,8,5,3,4,2,2,5,2,3,325,142,183
C0101,33,623,05840,000000,Sub-District - Thirumangalam,Rural,178451,89933,88518,175693,88578,87115,873,440,433,1588,787,801,11,5,6,6,3,3,4,2,2,4,1,3,272,117,155
C0101,33,623,05840,000000,Sub-District - Thirumangalam,Urban,51194,25426,25768,43234,21484,21750,6331,3157,3174,1565,753,812,8,4,4,2,2,0,0,0,0,1,1,0,53,25,28
C0101,33,623,05840,803753,Thirumangalam (M),Urban,51194,25426,25768,43234,21484,21750,6331,3157,3174,1565,753,812,8,4,4,2,2,0,0,0,0,1,1,0,53,25,28
C0101,33,623,05841,000000,Sub-District - Madurai South,Total,1391980,697680,694300,1220131,612769,607362,102206,51200,51006,64252,31119,33133,256,150,106,88,46,42,1335,680,655,229,121,108,3483,1595,1888
C0101,33,623,05841,000000,Sub-District - Madurai South,Rural,97390,49356,48034,93323,47242,46081,2129,1095,1034,1765,899,866,62,50,12,10,8,2,5,2,3,20,17,3,76,43,33
C0101,33,623,05841,000000,Sub-District - Madurai South,Urban,1294590,648324,646266,1126808,565527,561281,100077,50105,49972,62487,30220,32267,194,100,94,78,38,40,1330,678,652,209,104,105,3407,1552,1855
C0101,33,623,05841,641061,Nagamalaipudukottai (CT),Urban,15769,7903,7866,14367,7232,7135,332,159,173,1058,507,551,5,2,3,2,0,2,0,0,0,1,0,1,4,3,1
C0101,33,623,05841,641062,Karadipatti (CT),Urban,7289,3704,3585,6540,3339,3201,92,50,42,612,271,341,0,0,0,0,0,0,1,1,0,0,0,0,44,43,1
C0101,33,623,05841,641063,Vilacheri (CT),Urban,7787,3865,3922,6167,3038,3129,1537,779,758,79,46,33,0,0,0,0,0,0,0,0,0,0,0,0,4,2,2
C0101,33,623,05841,641064,Iravadanallur (CT),Urban,7423,3728,3695,6496,3261,3235,80,40,40,750,375,375,8,6,2,0,0,0,0,0,0,79,39,40,10,7,3
C0101,33,623,05841,641065,Viraganur (CT),Urban,7121,3618,3503,6827,3480,3347,29,13,16,258,120,138,2,0,2,0,0,0,0,0,0,0,0,0,5,5,0
C0101,33,623,05841,641066,Chinna Anuppanadi (CT),Urban,26158,13162,12996,24686,12435,12251,434,205,229,953,474,479,0,0,0,0,0,0,1,1,0,50,27,23,34,20,14
C0101,33,623,05841,641067,Thanakkankulam (CT),Urban,14328,7171,7157,12887,6449,6438,465,232,233,937,465,472,1,0,1,1,0,1,0,0,0,0,0,0,37,25,12
C0101,33,623,05841,641068,Silaiman (CT),Urban,6436,3274,3162,4923,2499,2424,1445,743,702,68,32,36,0,0,0,0,0,0,0,0,0,0,0,0,0,0,0
C0101,33,623,05841,641069,Samanatham (CT),Urban,4477,2258,2219,3902,1966,1936,533,269,264,42,23,19,0,0,0,0,0,0,0,0,0,0,0,0,0,0,0
C0101,33,623,05841,641070,Nilaiyur (I Bit) (CT),Urban,14684,7298,7386,14441,7182,7259,63,31,32,71,40,31,0,0,0,0,0,0,0,0,0,0,0,0,109,45,64
C0101,33,623,05841,803754,Madurai (M Corp.),Urban,1017865,509302,508563,873601,438165,435436,86886,43490,43396,52737,25482,27255,164,83,81,74,38,36,1324,673,651,77,37,40,3002,1334,1668
C0101,33,623,05841,803755,Thirunagar (TP),Urban,16598,8252,8346,15280,7620,7660,515,249,266,751,361,390,2,2,0,1,0,1,3,2,1,2,1,1,44,17,27
C0101,33,623,05841,803756,Avaniapuram (M),Urban,89635,45283,44352,82185,41545,40640,5694,2887,2807,1711,828,883,4,3,1,0,0,0,0,0,0,0,0,0,41,20,21
C0101,33,623,05841,803757,Thiruparankundram (M + OG),Urban,50004,25028,24976,45900,23037,22863,1812,880,932,2232,1084,1148,5,3,2,0,0,0,1,1,0,0,0,0,54,23,31
C0101,33,623,05841,803758,Harveypatti (TP),Urban,9016,4478,4538,8606,4279,4327,160,78,82,228,112,116,3,1,2,0,0,0,0,0,0,0,0,0,19,8,11
C0101,33,624,00000,000000,District - Theni  ,Total,1245899,625683,620216,1148990,577839,571151,56751,28189,28562,37574,18404,19170,152,83,69,79,43,36,28,14,14,74,41,33,2251,1070,1181
C0101,33,624,00000,000000,District - Theni  ,Rural,575418,290880,284538,550080,278278,271802,7363,3678,3685,16554,8235,8319,67,33,34,38,24,14,10,5,5,36,25,11,1270,602,668
C0101,33,624,00000,000000,District - Theni  ,Urban,670481,334803,335678,598910,299561,299349,49388,24511,24877,21020,10169,10851,85,50,35,41,19,22,18,9,9,38,16,22,981,468,513
C0101,33,624,05842,000000,Sub-District - Bodinayakanur,Total,180789,90426,90363,174433,87354,87079,4561,2221,2340,1637,784,853,23,15,8,1,0,1,11,4,7,9,6,3,114,42,72
C0101,33,624,05842,000000,Sub-District - Bodinayakanur,Rural,70621,35491,35130,69791,35079,34712,253,127,126,495,252,243,11,6,5,0,0,0,0,0,0,5,4,1,66,23,43
C0101,33,624,05842,000000,Sub-District - Bodinayakanur,Urban,110168,54935,55233,104642,52275,52367,4308,2094,2214,1142,532,610,12,9,3,1,0,1,11,4,7,4,2,2,48,19,29
C0101,33,624,05842,803759,Boothipuram (TP),Urban,11022,5605,5417,11015,5600,5415,0,0,0,2,1,1,1,1,0,0,0,0,0,0,0,0,0,0,4,3,1
C0101,33,624,05842,803760,Bodinayakanur (M),Urban,75675,37498,38177,70381,34957,35424,4249,2064,2185,987,453,534,8,7,1,1,0,1,11,4,7,2,1,1,36,12,24
C0101,33,624,05842,803761,Melachokkanathapuram (TP),Urban,15625,7878,7747,15446,7788,7658,25,13,12,145,73,72,1,0,1,0,0,0,0,0,0,0,0,0,8,4,4
C0101,33,624,05842,803762,B. Meenakshipuram (TP),Urban,7846,3954,3892,7800,3930,3870,34,17,17,8,5,3,2,1,1,0,0,0,0,0,0,2,1,1,0,0,0
C0101,33,624,05843,000000,Sub-District - Periyakulam,Total,217358,109907,107451,194845,98746,96099,15967,7993,7974,6171,2983,3188,36,19,17,9,1,8,3,2,1,11,5,6,316,158,158
C0101,33,624,05843,000000,Sub-District - Periyakulam,Rural,102741,52232,50509,96020,48896,47124,4320,2177,2143,2167,1049,1118,18,7,11,4,0,4,2,1,1,1,0,1,209,102,107
C0101,33,624,05843,000000,Sub-District - Periyakulam,Urban,114617,57675,56942,98825,49850,48975,11647,5816,5831,4004,1934,2070,18,12,6,5,1,4,1,1,0,10,5,5,107,56,51
C0101,33,624,05843,803763,Ganguvarpatti (TP),Urban,11942,6099,5843,11092,5692,5400,764,367,397,84,40,44,0,0,0,0,0,0,0,0,0,0,0,0,2,0,2
C0101,33,624,05843,803764,Devadanapatti (TP),Urban,19285,9805,9480,16584,8431,8153,2592,1330,1262,89,35,54,1,0,1,0,0,0,0,0,0,3,2,1,16,7,9
C0101,33,624,05843,803765,Vadugapatti (TP),Urban,13204,6718,6486,13171,6701,6470,4,3,1,19,8,11,3,2,1,0,0,0,0,0,0,4,2,2,3,2,1
C0101,33,624,05843,803766,Thamaraikulam (TP),Urban,12372,6223,6149,10161,5135,5026,1165,596,569,1028,480,548,3,3,0,2,1,1,0,0,0,1,1,0,12,7,5
C0101,33,624,05843,803767,Periyakulam (M),Urban,42976,21345,21631,33767,16794,16973,6880,3406,3474,2257,1106,1151,9,6,3,3,0,3,1,1,0,1,0,1,58,32,26
C0101,33,624,05843,803768,Thenkarai (TP),Urban,14838,7485,7353,14050,7097,6953,242,114,128,527,265,262,2,1,1,0,0,0,0,0,0,1,0,1,16,8,8
C0101,33,624,05844,000000,Sub-District - Theni ,Total,199983,100352,99631,191657,96218,95439,4848,2458,2390,3196,1534,1662,29,16,13,9,7,2,2,2,0,10,4,6,232,113,119
C0101,33,624,05844,000000,Sub-District - Theni ,Rural,74493,37343,37150,71924,36081,35843,1281,632,649,1198,582,616,8,4,4,1,0,1,1,1,0,1,0,1,79,43,36
C0101,33,624,05844,000000,Sub-District - Theni ,Urban,125490,63009,62481,119733,60137,59596,3567,1826,1741,1998,952,1046,21,12,9,8,7,1,1,1,0,9,4,5,153,70,83
C0101,33,624,05844,803769,Theni Allinagaram (M),Urban,94453,47244,47209,89768,44913,44855,3008,1528,1480,1535,730,805,17,11,6,5,5,0,1,1,0,8,4,4,111,52,59
C0101,33,624,05844,803770,Palani Chettipatti (TP),Urban,14879,7449,7430,14300,7162,7138,339,174,165,229,108,121,1,0,1,1,1,0,0,0,0,0,0,0,9,4,5
C0101,33,624,05844,803771,Veerapandi (TP),Urban,16158,8316,7842,15665,8062,7603,220,124,96,234,114,120,3,1,2,2,1,1,0,0,0,1,0,1,33,14,19
C0101,33,624,05845,000000,Sub-District - Uthamapalayam,Total,435069,217142,217927,379830,189870,189960,30560,15121,15439,23490,11569,11921,44,21,23,53,31,22,7,3,4,17,6,11,1068,521,547
C0101,33,624,05845,000000,Sub-District - Uthamapalayam,Rural,142150,71582,70568,130856,65930,64926,883,440,443,9945,4976,4969,11,5,6,27,20,7,2,0,2,3,1,2,423,210,213
C0101,33,624,05845,000000,Sub-District - Uthamapalayam,Urban,292919,145560,147359,248974,123940,125034,29677,14681,14996,13545,6593,6952,33,16,17,26,11,15,5,3,2,14,5,9,645,311,334
C0101,33,624,05845,803772,Thevaram (TP),Urban,16079,7981,8098,15086,7507,7579,474,236,238,448,202,246,4,1,3,1,0,1,0,0,0,0,0,0,66,35,31
C0101,33,624,05845,803773,Kuchanur (TP),Urban,7024,3434,3590,6395,3139,3256,486,236,250,18,6,12,2,1,1,0,0,0,0,0,0,0,0,0,123,52,71
C0101,33,624,05845,803774,Markayankottai (TP),Urban,6135,3094,3041,6118,3087,3031,0,0,0,16,7,9,0,0,0,1,0,1,0,0,0,0,0,0,0,0,0
C0101,33,624,05845,803775,Pannaipuram (TP),Urban,9323,4627,4696,9157,4548,4609,47,20,27,107,55,52,0,0,0,0,0,0,0,0,0,0,0,0,12,4,8
C0101,33,624,05845,803776,Kombai (TP),Urban,15960,7864,8096,15036,7415,7621,419,209,210,472,227,245,10,3,7,1,0,1,0,0,0,0,0,0,22,10,12
C0101,33,624,05845,803777,Chinnamanur (M),Urban,42305,21081,21224,38317,19141,19176,3196,1568,1628,764,358,406,0,0,0,0,0,0,2,1,1,3,0,3,23,13,10
C0101,33,624,05845,803778,Odaipatti (TP),Urban,13892,6912,6980,13797,6864,6933,6,2,4,68,36,32,1,0,1,0,0,0,0,0,0,0,0,0,20,10,10
C0101,33,624,05845,803779,Uthamapalayam (TP),Urban,29050,14463,14587,14668,7294,7374,9002,4482,4520,5167,2566,2601,4,4,0,7,3,4,1,1,0,1,1,0,200,112,88
C0101,33,624,05845,803780,Hanumanthampatti (TP),Urban,10619,5298,5321,8061,4040,4021,93,45,48,2400,1188,1212,0,0,0,9,5,4,1,0,1,0,0,0,55,20,35
C0101,33,624,05845,803781,Pudupatti (TP),Urban,11511,5740,5771,10308,5146,5162,630,315,315,560,275,285,2,0,2,0,0,0,0,0,0,1,0,1,10,4,6
C0101,33,624,05845,803782,Kamayagoundanpatti (TP),Urban,16134,7838,8296,15873,7721,8152,139,65,74,93,39,54,1,1,0,0,0,0,0,0,0,1,0,1,27,12,15
C0101,33,624,05845,803783,Kambam (M),Urban,68090,33848,34242,53521,26667,26854,12968,6422,6546,1542,731,811,3,2,1,4,3,1,1,1,0,4,2,2,47,20,27
C0101,33,624,05845,803784,Gudalur (M),Urban,41915,20895,21020,38690,19339,19351,2199,1072,1127,980,461,519,5,4,1,1,0,1,0,0,0,0,0,0,40,19,21
C0101,33,624,05845,803785,Highways (TP),Urban,4882,2485,2397,3947,2032,1915,18,9,9,910,442,468,1,0,1,2,0,2,0,0,0,4,2,2,0,0,0
C0101,33,624,05846,000000,Sub-District - Andipatti,Total,212700,107856,104844,208225,105651,102574,815,396,419,3080,1534,1546,20,12,8,7,4,3,5,3,2,27,20,7,521,236,285
C0101,33,624,05846,000000,Sub-District - Andipatti,Rural,185413,94232,91181,181489,92292,89197,626,302,324,2749,1376,1373,19,11,8,6,4,2,5,3,2,26,20,6,493,224,269
C0101,33,624,05846,000000,Sub-District - Andipatti,Urban,27287,13624,13663,26736,13359,13377,189,94,95,331,158,173,1,1,0,1,0,1,0,0,0,1,0,1,28,12,16
C0101,33,624,05846,803786,Andipatti Jakkampatti (TP),Urban,27287,13624,13663,26736,13359,13377,189,94,95,331,158,173,1,1,0,1,0,1,0,0,0,1,0,1,28,12,16
C0101,33,625,00000,000000,District - Virudhunagar,Total,1942288,967709,974579,1822626,908801,913825,47838,24014,23824,67405,32743,34662,245,148,97,87,45,42,98,47,51,75,31,44,3914,1880,2034
C0101,33,625,00000,000000,District - Virudhunagar,Rural,962062,480360,481702,918984,459130,459854,14206,7183,7023,26389,12867,13522,120,63,57,49,25,24,24,11,13,21,7,14,2269,1074,1195
C0101,33,625,00000,000000,District - Virudhunagar,Urban,980226,487349,492877,903642,449671,453971,33632,16831,16801,41016,19876,21140,125,85,40,38,20,18,74,36,38,54,24,30,1645,806,839
C0101,33,625,05847,000000,Sub-District - Rajapalayam,Total,347668,173529,174139,330760,165212,165548,6186,3052,3134,9949,4892,5057,48,32,16,7,5,2,7,2,5,14,6,8,697,328,369
C0101,33,625,05847,000000,Sub-District - Rajapalayam,Rural,154898,77601,77297,146931,73705,73226,820,386,434,6836,3369,3467,13,9,4,4,3,1,3,1,2,5,0,5,286,128,158
C0101,33,625,05847,000000,Sub-District - Rajapalayam,Urban,192770,95928,96842,183829,91507,92322,5366,2666,2700,3113,1523,1590,35,23,12,3,2,1,4,1,3,9,6,3,411,200,211
C0101,33,625,05847,641208,Samusigapuram (CT) ,Urban,14601,7341,7260,14423,7251,7172,77,42,35,90,44,46,3,2,1,0,0,0,0,0,0,0,0,0,8,2,6
C0101,33,625,05847,641209,Ramalingapuram (CT),Urban,4505,2252,2253,4472,2237,2235,2,2,0,24,9,15,0,0,0,0,0,0,0,0,0,1,1,0,6,3,3
C0101,33,625,05847,641210,Dhalavoipuram (CT),Urban,5474,2707,2767,5341,2642,2699,15,6,9,117,58,59,0,0,0,0,0,0,0,0,0,0,0,0,1,1,0
C0101,33,625,05847,803787,Rajapalayam (M),Urban,130442,64765,65677,123307,61246,62061,4534,2250,2284,2280,1116,1164,30,20,10,3,2,1,3,1,2,6,3,3,279,127,152
C0101,33,625,05847,803788,Seithur (TP),Urban,20228,10015,10213,19212,9501,9711,718,356,362,214,109,105,0,0,0,0,0,0,0,0,0,2,2,0,82,47,35
C0101,33,625,05847,803789,Chettiarpatti (TP),Urban,17520,8848,8672,17074,8630,8444,20,10,10,388,187,201,2,1,1,0,0,0,1,0,1,0,0,0,35,20,15
C0101,33,625,05848,000000,Sub-District - Srivilliputhur,Total,293209,146005,147204,274212,136645,137567,6046,3060,2986,12136,5879,6257,29,16,13,26,15,11,7,4,3,21,9,12,732,377,355
C0101,33,625,05848,000000,Sub-District - Srivilliputhur,Rural,143314,71703,71611,136123,68140,67983,2019,1045,974,4796,2331,2465,16,8,8,9,6,3,4,3,1,0,0,0,347,170,177
C0101,33,625,05848,000000,Sub-District - Srivilliputhur,Urban,149895,74302,75593,138089,68505,69584,4027,2015,2012,7340,3548,3792,13,8,5,17,9,8,3,1,2,21,9,12,385,207,178
C0101,33,625,05848,641267,Padikkasu vaithanpatti (CT),Urban,9538,4797,4741,9352,4710,4642,26,12,14,145,69,76,0,0,0,0,0,0,3,1,2,0,0,0,12,5,7
C0101,33,625,05848,803790,S.Kodikulam (TP),Urban,12713,6354,6359,10382,5182,5200,2127,1071,1056,158,75,83,1,1,0,2,1,1,0,0,0,1,0,1,42,24,18
C0101,33,625,05848,803791,Vathirairuppu (TP),Urban,16784,8330,8454,16311,8104,8207,131,65,66,330,155,175,0,0,0,2,2,0,0,0,0,0,0,0,10,4,6
C0101,33,625,05848,803792,V.Pudupatti (TP),Urban,8316,4054,4262,6809,3325,3484,7,3,4,1482,716,766,1,1,0,9,5,4,0,0,0,3,2,1,5,2,3
C0101,33,625,05848,803793,Sundarapandiam (TP),Urban,8513,4226,4287,8461,4202,4259,10,5,5,28,12,16,2,2,0,0,0,0,0,0,0,0,0,0,12,5,7
C0101,33,625,05848,803794,Srivilliputhur (M),Urban,75396,37423,37973,68384,33972,34412,1710,851,859,4989,2429,2560,8,3,5,4,1,3,0,0,0,15,7,8,286,160,126
C0101,33,625,05848,803795,Mamsapuram (TP),Urban,18635,9118,9517,18390,9010,9380,16,8,8,208,92,116,1,1,0,0,0,0,0,0,0,2,0,2,18,7,11
C0101,33,625,05849,000000,Sub-District - Sivakasi,Total,426753,211880,214873,398080,197850,200230,9579,4831,4748,17910,8635,9275,42,22,20,13,5,8,58,29,29,18,7,11,1053,501,552
C0101,33,625,05849,000000,Sub-District - Sivakasi,Rural,161643,80012,81631,156808,77690,79118,491,244,247,3675,1767,1908,15,7,8,6,1,5,4,2,2,4,1,3,640,300,340
C0101,33,625,05849,000000,Sub-District - Sivakasi,Urban,265110,131868,133242,241272,120160,121112,9088,4587,4501,14235,6868,7367,27,15,12,7,4,3,54,27,27,14,6,8,413,201,212
C0101,33,625,05849,641310,Sengamalanachiarpatti (CT),Urban,13811,6740,7071,11301,5539,5762,1035,521,514,1451,671,780,2,1,1,1,0,1,6,2,4,0,0,0,15,6,9
C0101,33,625,05849,641311,Pallapatti (CT),Urban,27925,13932,13993,26305,13136,13169,175,86,89,1422,697,725,3,2,1,2,2,0,0,0,0,1,0,1,17,9,8
C0101,33,625,05849,641312,Naranapuram (CT),Urban,11665,5766,5899,11039,5471,5568,106,51,55,483,231,252,0,0,0,1,0,1,0,0,0,0,0,0,36,13,23
C0101,33,625,05849,641313,Anaiyur (CT),Urban,24436,12060,12376,22988,11367,11621,514,251,263,921,435,486,2,1,1,0,0,0,0,0,0,0,0,0,11,6,5
C0101,33,625,05849,641314,Sithurajapuram (CT),Urban,16860,8337,8523,16192,8022,8170,59,34,25,591,272,319,10,4,6,0,0,0,1,1,0,2,1,1,5,3,2
C0101,33,625,05849,641315,Viswanatham (CT),Urban,25555,12773,12782,24499,12251,12248,55,30,25,784,376,408,2,2,0,0,0,0,0,0,0,1,0,1,214,114,100
C0101,33,625,05849,641316,Anuppankulam (CT),Urban,13526,6753,6773,12112,6065,6047,16,4,12,1388,678,710,0,0,0,0,0,0,0,0,0,1,1,0,9,5,4
C0101,33,625,05849,641317,Alangulam (CT),Urban,4930,2475,2455,4812,2412,2400,14,9,5,103,54,49,0,0,0,0,0,0,0,0,0,0,0,0,1,0,1
C0101,33,625,05849,803796,Thiruthangal (M),Urban,55362,27676,27686,51343,25706,25637,569,273,296,3401,1680,1721,3,3,0,0,0,0,1,0,1,0,0,0,45,14,31
C0101,33,625,05849,803797,Sivakasi (M),Urban,71040,35356,35684,60681,30191,30490,6545,3328,3217,3691,1774,1917,5,2,3,3,2,1,46,24,22,9,4,5,60,31,29
C0101,33,625,05850,000000,Sub-District - Virudhunagar,Total,251097,125551,125546,229311,114646,114665,9262,4690,4572,11965,5941,6024,42,29,13,4,3,1,3,0,3,9,3,6,501,239,262
C0101,33,625,05850,000000,Sub-District - Virudhunagar,Rural,101182,50692,50490,95269,47723,47546,2799,1447,1352,2848,1390,1458,10,5,5,2,2,0,3,0,3,2,1,1,249,124,125
C0101,33,625,05850,000000,Sub-District - Virudhunagar,Urban,149915,74859,75056,134042,66923,67119,6463,3243,3220,9117,4551,4566,32,24,8,2,1,1,0,0,0,7,2,5,252,115,137
C0101,33,625,05850,641365,Sivagnanapuram (CT),Urban,10107,5113,4994,9590,4854,4736,62,36,26,414,205,209,0,0,0,0,0,0,0,0,0,0,0,0,41,18,23
C0101,33,625,05850,641366,Chathirareddipatti (CT),Urban,5360,2634,2726,5198,2551,2647,23,11,12,132,69,63,0,0,0,0,0,0,0,0,0,4,1,3,3,2,1
C0101,33,625,05850,641367,Pavali (CT),Urban,7622,3854,3768,6939,3512,3427,535,269,266,102,50,52,5,4,1,0,0,0,0,0,0,0,0,0,41,19,22
C0101,33,625,05850,641368,Amathur (CT),Urban,4708,2346,2362,4658,2320,2338,6,1,5,42,24,18,1,1,0,0,0,0,0,0,0,0,0,0,1,0,1
C0101,33,625,05850,641369,Rosalpatti (CT),Urban,22524,11469,11055,21242,10819,10423,88,47,41,1166,590,576,5,5,0,0,0,0,0,0,0,2,1,1,21,7,14
C0101,33,625,05850,641370,Kooraikundu (CT),Urban,22361,11136,11225,20347,10158,10189,161,82,79,1802,870,932,8,7,1,0,0,0,0,0,0,1,0,1,42,19,23
C0101,33,625,05850,641371,Vadi (CT),Urban,4937,2418,2519,4604,2262,2342,1,0,1,331,155,176,0,0,0,1,1,0,0,0,0,0,0,0,0,0,0
C0101,33,625,05850,803798,Virudhunagar (M),Urban,72296,35889,36407,61464,30447,31017,5587,2797,2790,5128,2588,2540,13,7,6,1,0,1,0,0,0,0,0,0,103,50,53
C0101,33,625,05851,000000,Sub-District - Kariapatti,Total,105428,52993,52435,100953,50823,50130,1716,846,870,2622,1253,1369,9,9,0,6,4,2,5,4,1,3,1,2,114,53,61
C0101,33,625,05851,000000,Sub-District - Kariapatti,Rural,74251,37337,36914,72571,36528,36043,505,243,262,1072,509,563,5,5,0,4,3,1,3,2,1,2,1,1,89,46,43
C0101,33,625,05851,000000,Sub-District - Kariapatti,Urban,31177,15656,15521,28382,14295,14087,1211,603,608,1550,744,806,4,4,0,2,1,1,2,2,0,1,0,1,25,7,18
C0101,33,625,05851,803799,Kariapatti (TP),Urban,18191,9043,9148,16217,8087,8130,1204,599,605,745,347,398,2,2,0,0,0,0,2,2,0,1,0,1,20,6,14
C0101,33,625,05851,803800,Mallankinaru (TP),Urban,12986,6613,6373,12165,6208,5957,7,4,3,805,397,408,2,2,0,2,1,1,0,0,0,0,0,0,5,1,4
C0101,33,625,05852,000000,Sub-District - Tiruchuli,Total,103290,52072,51218,98170,49511,48659,4354,2201,2153,556,269,287,38,18,20,1,0,1,2,0,2,1,1,0,168,72,96
C0101,33,625,05852,000000,Sub-District - Tiruchuli,Rural,103290,52072,51218,98170,49511,48659,4354,2201,2153,556,269,287,38,18,20,1,0,1,2,0,2,1,1,0,168,72,96
C0101,33,625,05852,000000,Sub-District - Tiruchuli,Urban,0,0,0,0,0,0,0,0,0,0,0,0,0,0,0,0,0,0,0,0,0,0,0,0,0,0,0
C0101,33,625,05853,000000,Sub-District - Aruppukkottai,Total,246236,122528,123708,231281,115150,116131,8342,4181,4161,6096,2940,3156,21,12,9,26,10,16,3,2,1,3,2,1,464,231,233
C0101,33,625,05853,000000,Sub-District - Aruppukkottai,Rural,121181,60338,60843,114736,57146,57590,2524,1262,1262,3532,1740,1792,13,6,7,21,9,12,2,1,1,3,2,1,350,172,178
C0101,33,625,05853,000000,Sub-District - Aruppukkottai,Urban,125055,62190,62865,116545,58004,58541,5818,2919,2899,2564,1200,1364,8,6,2,5,1,4,1,1,0,0,0,0,114,59,55
C0101,33,625,05853,641698,Kullursandai (CT),Urban,5383,2674,2709,5341,2654,2687,11,7,4,30,12,18,0,0,0,0,0,0,0,0,0,0,0,0,1,1,0
C0101,33,625,05853,641699,Palayampatti (CT),Urban,18576,9264,9312,17886,8923,8963,123,66,57,544,263,281,2,2,0,0,0,0,0,0,0,0,0,0,21,10,11
C0101,33,625,05853,641700,Soolakkarai (CT),Urban,4990,2478,2512,4825,2402,2423,28,12,16,120,55,65,1,1,0,1,0,1,0,0,0,0,0,0,15,8,7
C0101,33,625,05853,641701,Athipatti (CT),Urban,8384,4216,4168,8257,4150,4107,25,12,13,99,51,48,0,0,0,0,0,0,0,0,0,0,0,0,3,3,0
C0101,33,625,05853,803801,Aruppukkottai (M),Urban,87722,43558,44164,80236,39875,40361,5631,2822,2809,1771,819,952,5,3,2,4,1,3,1,1,0,0,0,0,74,37,37
C0101,33,625,05854,000000,Sub-District - Sattur,Total,168607,83151,85456,159859,78964,80895,2353,1153,1200,6171,2934,3237,16,10,6,4,3,1,13,6,7,6,2,4,185,79,106
C0101,33,625,05854,000000,Sub-District - Sattur,Rural,102303,50605,51698,98376,48687,49689,694,355,339,3074,1492,1582,10,5,5,2,1,1,3,2,1,4,1,3,140,62,78
C0101,33,625,05854,000000,Sub-District - Sattur,Urban,66304,32546,33758,61483,30277,31206,1659,798,861,3097,1442,1655,6,5,1,2,2,0,10,4,6,2,1,1,45,17,28
C0101,33,625,05854,641763,Mettamalai (CT),Urban,5175,2499,2676,5037,2435,2602,48,22,26,88,42,46,0,0,0,0,0,0,0,0,0,0,0,0,2,0,2
C0101,33,625,05854,641764,Venkatachalapuram (CT),Urban,9540,4752,4788,8605,4310,4295,331,158,173,596,281,315,1,1,0,0,0,0,3,1,2,0,0,0,4,1,3
C0101,33,625,05854,641765,Padandal (CT),Urban,8429,4113,4316,8046,3923,4123,112,54,58,264,132,132,2,2,0,0,0,0,0,0,0,1,0,1,4,2,2
C0101,33,625,05854,641766,Chatrapatti (CT),Urban,6948,3500,3448,6709,3383,3326,106,50,56,125,63,62,0,0,0,0,0,0,0,0,0,0,0,0,8,4,4
C0101,33,625,05854,641767,Elayirampannai (CT),Urban,6814,3282,3532,6245,3006,3239,48,21,27,517,251,266,1,1,0,2,2,0,0,0,0,0,0,0,1,1,0
C0101,33,625,05854,803802,Sattur (M),Urban,29398,14400,14998,26841,13220,13621,1014,493,521,1507,673,834,2,1,1,0,0,0,7,3,4,1,1,0,26,9,17
C0101,33,626,00000,000000,District - Ramanathapuram,Total,1353445,682658,670787,1047411,529279,518132,208038,104243,103795,91139,45773,45366,154,91,63,86,37,49,29,10,19,36,20,16,6552,3205,3347
C0101,33,626,00000,000000,District - Ramanathapuram,Rural,942746,474508,468238,762742,384564,378178,102936,51220,51716,72426,36467,35959,84,50,34,72,34,38,18,6,12,19,11,8,4449,2156,2293
C0101,33,626,00000,000000,District - Ramanathapuram,Urban,410699,208150,202549,284669,144715,139954,105102,53023,52079,18713,9306,9407,70,41,29,14,3,11,11,4,7,17,9,8,2103,1049,1054
C0101,33,626,05855,000000,Sub-District - Tiruvadanai,Total,212029,106094,105935,148321,74741,73580,37141,18122,19019,25825,12852,12973,19,11,8,27,16,11,1,0,1,3,1,2,692,351,341
C0101,33,626,05855,000000,Sub-District - Tiruvadanai,Rural,174992,87479,87513,133183,66992,66191,17910,8587,9323,23254,11571,11683,14,9,5,24,14,10,1,0,1,1,1,0,605,305,300
C0101,33,626,05855,000000,Sub-District - Tiruvadanai,Urban,37037,18615,18422,15138,7749,7389,19231,9535,9696,2571,1281,1290,5,2,3,3,2,1,0,0,0,2,0,2,87,46,41
C0101,33,626,05855,641862,Sundarapandianpattinam (CT),Urban,4007,2003,2004,77,46,31,3361,1680,1681,551,267,284,0,0,0,0,0,0,0,0,0,0,0,0,18,10,8
C0101,33,626,05855,803803,Thondi (TP),Urban,18465,9316,9149,8049,4198,3851,9542,4682,4860,836,417,419,4,1,3,1,0,1,0,0,0,0,0,0,33,18,15
C0101,33,626,05855,803804,R.S.Mangalam (TP),Urban,14565,7296,7269,7012,3505,3507,6328,3173,3155,1184,597,587,1,1,0,2,2,0,0,0,0,2,0,2,36,18,18
C0101,33,626,05856,000000,Sub-District - Paramakudi,Total,265142,134134,131008,238909,121183,117726,15684,7693,7991,10054,4999,5055,27,14,13,10,5,5,7,2,5,4,2,2,447,236,211
C0101,33,626,05856,000000,Sub-District - Paramakudi,Rural,161331,81382,79949,150788,76245,74543,4390,2075,2315,5790,2876,2914,18,9,9,8,5,3,4,1,3,1,0,1,332,171,161
C0101,33,626,05856,000000,Sub-District - Paramakudi,Urban,103811,52752,51059,88121,44938,43183,11294,5618,5676,4264,2123,2141,9,5,4,2,0,2,3,1,2,3,2,1,115,65,50
C0101,33,626,05856,641956,Melaparthibanur (CT),Urban,8232,4131,4101,5402,2707,2695,2497,1267,1230,332,156,176,1,1,0,0,0,0,0,0,0,0,0,0,0,0,0
C0101,33,626,05856,803805,Paramakudi (M),Urban,95579,48621,46958,82719,42231,40488,8797,4351,4446,3932,1967,1965,8,4,4,2,0,2,3,1,2,3,2,1,115,65,50
C0101,33,626,05857,000000,Sub-District - Mudukulathur,Total,113432,56531,56901,100033,49993,50040,6120,2959,3161,7115,3503,3612,8,6,2,4,3,1,0,0,0,2,1,1,150,66,84
C0101,33,626,05857,000000,Sub-District - Mudukulathur,Rural,98643,49067,49576,88750,44249,44501,3034,1449,1585,6712,3298,3414,7,6,1,4,3,1,0,0,0,2,1,1,134,61,73
C0101,33,626,05857,000000,Sub-District - Mudukulathur,Urban,14789,7464,7325,11283,5744,5539,3086,1510,1576,403,205,198,1,0,1,0,0,0,0,0,0,0,0,0,16,5,11
C0101,33,626,05857,803806,Mudukulathur (TP),Urban,14789,7464,7325,11283,5744,5539,3086,1510,1576,403,205,198,1,0,1,0,0,0,0,0,0,0,0,0,16,5,11
C0101,33,626,05858,000000,Sub-District - Kamuthi,Total,135658,68458,67200,122987,62244,60743,7301,3588,3713,5167,2528,2639,20,16,4,3,1,2,0,0,0,5,3,2,175,78,97
C0101,33,626,05858,000000,Sub-District - Kamuthi,Rural,112760,57031,55729,105090,53265,51825,3049,1496,1553,4442,2186,2256,12,8,4,3,1,2,0,0,0,3,2,1,161,73,88
C0101,33,626,05858,000000,Sub-District - Kamuthi,Urban,22898,11427,11471,17897,8979,8918,4252,2092,2160,725,342,383,8,8,0,0,0,0,0,0,0,2,1,1,14,5,9
C0101,33,626,05858,803807,Abiramam (TP),Urban,8144,4011,4133,5141,2538,2603,2950,1448,1502,42,16,26,7,7,0,0,0,0,0,0,0,0,0,0,4,2,2
C0101,33,626,05858,803808,Kamuthi (TP),Urban,14754,7416,7338,12756,6441,6315,1302,644,658,683,326,357,1,1,0,0,0,0,0,0,0,2,1,1,10,3,7
C0101,33,626,05859,000000,Sub-District - Kadaladi,Total,145277,73448,71829,108675,54913,53762,25115,12640,12475,11072,5701,5371,8,2,6,8,5,3,2,0,2,1,1,0,396,186,210
C0101,33,626,05859,000000,Sub-District - Kadaladi,Rural,130476,65839,64637,97466,49136,48330,23273,11717,11556,9336,4798,4538,4,1,3,8,5,3,2,0,2,1,1,0,386,181,205
C0101,33,626,05859,000000,Sub-District - Kadaladi,Urban,14801,7609,7192,11209,5777,5432,1842,923,919,1736,903,833,4,1,3,0,0,0,0,0,0,0,0,0,10,5,5
C0101,33,626,05859,803809,Sayalgudi (TP),Urban,14801,7609,7192,11209,5777,5432,1842,923,919,1736,903,833,4,1,3,0,0,0,0,0,0,0,0,0,10,5,5
C0101,33,626,05860,000000,Sub-District - Ramanathapuram,Total,399232,202047,197185,275401,139262,136139,110229,56038,54191,9198,4569,4629,56,33,23,23,6,17,16,7,9,20,11,9,4289,2121,2168
C0101,33,626,05860,000000,Sub-District - Ramanathapuram,Rural,226725,114547,112178,173583,87682,85901,46787,23687,23100,3831,1929,1902,28,17,11,17,5,12,10,5,5,11,6,5,2458,1216,1242
C0101,33,626,05860,000000,Sub-District - Ramanathapuram,Urban,172507,87500,85007,101818,51580,50238,63442,32351,31091,5367,2640,2727,28,16,12,6,1,5,6,2,4,9,5,4,1831,905,926
C0101,33,626,05860,642162,Devipattinam  (CT),Urban,11599,5897,5702,5951,3111,2840,4309,2148,2161,671,344,327,8,4,4,0,0,0,0,0,0,0,0,0,660,290,370
C0101,33,626,05860,642163,Sakkarakottai (CT)     ,Urban,15355,7632,7723,12246,6097,6149,2697,1326,1371,384,196,188,2,2,0,1,0,1,0,0,0,0,0,0,25,11,14
C0101,33,626,05860,642164,Pattinamkattan (CT) ,Urban,17601,8984,8617,14792,7557,7235,2269,1148,1121,444,228,216,2,0,2,0,0,0,0,0,0,5,4,1,89,47,42
C0101,33,626,05860,642165,Periapattinam  (CT),Urban,9730,5099,4631,3241,1829,1412,6339,3195,3144,148,74,74,0,0,0,1,0,1,0,0,0,0,0,0,1,1,0
C0101,33,626,05860,803810,Ramanathapuram (M),Urban,61440,30904,30536,46937,23636,23301,12111,6119,5992,1893,880,1013,7,4,3,0,0,0,3,2,1,4,1,3,485,262,223
C0101,33,626,05860,803811,Mandapam (TP),Urban,18427,9299,9128,11901,5986,5915,5064,2586,2478,1382,684,698,6,4,2,3,1,2,1,0,1,0,0,0,70,38,32
C0101,33,626,05860,803812,Keelakarai (M),Urban,38355,19685,18670,6750,3364,3386,30653,15829,14824,445,234,211,3,2,1,1,0,1,2,0,2,0,0,0,501,256,245
C0101,33,626,05861,000000,Sub-District - Rameswaram,Total,82675,41946,40729,53085,26943,26142,6448,3203,3245,22708,11621,11087,16,9,7,11,1,10,3,1,2,1,1,0,403,167,236
C0101,33,626,05861,000000,Sub-District - Rameswaram,Rural,37819,19163,18656,13882,6995,6887,4493,2209,2284,19061,9809,9252,1,0,1,8,1,7,1,0,1,0,0,0,373,149,224
C0101,33,626,05861,000000,Sub-District - Rameswaram,Urban,44856,22783,22073,39203,19948,19255,1955,994,961,3647,1812,1835,15,9,6,3,0,3,2,1,1,1,1,0,30,18,12
C0101,33,626,05861,803813,Rameswaram (M),Urban,44856,22783,22073,39203,19948,19255,1955,994,961,3647,1812,1835,15,9,6,3,0,3,2,1,1,1,1,0,30,18,12
C0101,33,627,00000,000000,District - Thoothukkudi,Total,1750176,865021,885155,1373920,680881,693039,80740,38970,41770,291908,143462,148446,127,73,54,286,161,125,53,30,23,112,85,27,3030,1359,1671
C0101,33,627,00000,000000,District - Thoothukkudi,Rural,873374,430361,443013,718081,354666,363415,22277,10705,11572,131124,64101,67023,65,31,34,108,62,46,18,11,7,14,5,9,1687,780,907
C0101,33,627,00000,000000,District - Thoothukkudi,Urban,876802,434660,442142,655839,326215,329624,58463,28265,30198,160784,79361,81423,62,42,20,178,99,79,35,19,16,98,80,18,1343,579,764
C0101,33,627,05862,000000,Sub-District - Kovilpatti,Total,321323,157825,163498,293128,144031,149097,6285,3095,3190,20826,10219,10607,29,16,13,27,16,11,15,11,4,3,0,3,1010,437,573
C0101,33,627,05862,000000,Sub-District - Kovilpatti,Rural,130471,64448,66023,118533,58498,60035,1902,962,940,9492,4728,4764,7,4,3,8,5,3,4,4,0,2,0,2,523,247,276
C0101,33,627,05862,000000,Sub-District - Kovilpatti,Urban,190852,93377,97475,174595,85533,89062,4383,2133,2250,11334,5491,5843,22,12,10,19,11,8,11,7,4,1,0,1,487,190,297
C0101,33,627,05862,642240,Iluppaiyurani (CT) ,Urban,18032,8965,9067,16068,8034,8034,265,143,122,1378,669,709,2,2,0,0,0,0,1,1,0,0,0,0,318,116,202
C0101,33,627,05862,642241,Tittangulam (CT),Urban,9115,4476,4639,8723,4289,4434,37,20,17,343,162,181,2,1,1,0,0,0,0,0,0,0,0,0,10,4,6
C0101,33,627,05862,642242,Inam Maniyachi (CT),Urban,18258,8822,9436,17600,8507,9093,66,26,40,584,284,300,1,1,0,0,0,0,0,0,0,0,0,0,7,4,3
C0101,33,627,05862,642243,Pandavarmangalam (CT),Urban,14954,7503,7451,13620,6868,6752,164,80,84,1132,533,599,0,0,0,8,6,2,8,5,3,0,0,0,22,11,11
C0101,33,627,05862,642244,Manthithoppu (CT),Urban,6143,3090,3053,5953,2999,2954,1,0,1,186,90,96,0,0,0,1,0,1,0,0,0,0,0,0,2,1,1
C0101,33,627,05862,803814,Kovilpatti (M),Urban,95057,46033,49024,87731,42499,45232,2356,1157,1199,4870,2337,2533,13,7,6,9,5,4,1,0,1,0,0,0,77,28,49
C0101,33,627,05862,803815,Kalugumalai (TP),Urban,14738,7282,7456,12961,6395,6566,145,77,68,1606,799,807,1,0,1,0,0,0,1,1,0,0,0,0,24,10,14
C0101,33,627,05862,803816,Kadambur (TP),Urban,4155,2075,2080,4046,2019,2027,0,0,0,106,53,53,1,1,0,0,0,0,0,0,0,0,0,0,2,2,0
C0101,33,627,05862,803817,Kayatharu (TP),Urban,10400,5131,5269,7893,3923,3970,1349,630,719,1129,564,565,2,0,2,1,0,1,0,0,0,1,0,1,25,14,11
C0101,33,627,05863,000000,Sub-District - Ettayapuram,Total,74991,36490,38501,71311,34748,36563,576,271,305,2980,1413,1567,2,0,2,4,3,1,0,0,0,1,1,0,117,54,63
C0101,33,627,05863,000000,Sub-District - Ettayapuram,Rural,62219,30187,32032,59181,28756,30425,163,69,94,2756,1306,1450,1,0,1,4,3,1,0,0,0,1,1,0,113,52,61
C0101,33,627,05863,000000,Sub-District - Ettayapuram,Urban,12772,6303,6469,12130,5992,6138,413,202,211,224,107,117,1,0,1,0,0,0,0,0,0,0,0,0,4,2,2
C0101,33,627,05863,803818,Ettayapuram (TP),Urban,12772,6303,6469,12130,5992,6138,413,202,211,224,107,117,1,0,1,0,0,0,0,0,0,0,0,0,4,2,2
C0101,33,627,05864,000000,Sub-District - Vilathikulam,Total,139581,69556,70025,126652,63129,63523,1329,627,702,11414,5706,5708,3,1,2,9,5,4,2,1,1,1,1,0,171,86,85
C0101,33,627,05864,000000,Sub-District - Vilathikulam,Rural,115413,57493,57920,104040,51866,52174,1041,474,567,10185,5085,5100,3,1,2,6,2,4,2,1,1,0,0,0,136,64,72
C0101,33,627,05864,000000,Sub-District - Vilathikulam,Urban,24168,12063,12105,22612,11263,11349,288,153,135,1229,621,608,0,0,0,3,3,0,0,0,0,1,1,0,35,22,13
C0101,33,627,05864,803819,V. Pudur (TP),Urban,8891,4382,4509,8662,4272,4390,14,6,8,202,100,102,0,0,0,0,0,0,0,0,0,1,1,0,12,3,9
C0101,33,627,05864,803820,Vilathikulam (TP),Urban,15277,7681,7596,13950,6991,6959,274,147,127,1027,521,506,0,0,0,3,3,0,0,0,0,0,0,0,23,19,4
C0101,33,627,05865,000000,Sub-District - Ottapidaram,Total,123356,61709,61647,109260,54670,54590,454,233,221,13329,6653,6676,25,10,15,26,17,9,6,2,4,0,0,0,256,124,132
C0101,33,627,05865,000000,Sub-District - Ottapidaram,Rural,115344,57592,57752,102175,51005,51170,422,217,205,12442,6221,6221,25,10,15,26,17,9,6,2,4,0,0,0,248,120,128
C0101,33,627,05865,000000,Sub-District - Ottapidaram,Urban,8012,4117,3895,7085,3665,3420,32,16,16,887,432,455,0,0,0,0,0,0,0,0,0,0,0,0,8,4,4
C0101,33,627,05865,642449,Pudiyamputhur (CT) ,Urban,8012,4117,3895,7085,3665,3420,32,16,16,887,432,455,0,0,0,0,0,0,0,0,0,0,0,0,8,4,4
C0101,33,627,05866,000000,Sub-District - Thoothukkudi,Total,478328,239342,238986,342962,172198,170764,16472,8284,8188,117817,58319,59498,32,24,8,133,77,56,20,11,9,92,76,16,800,353,447
C0101,33,627,05866,000000,Sub-District - Thoothukkudi,Rural,66700,33384,33316,52333,26259,26074,625,313,312,13553,6721,6832,3,1,2,16,11,5,2,1,1,2,1,1,166,77,89
C0101,33,627,05866,000000,Sub-District - Thoothukkudi,Urban,411628,205958,205670,290629,145939,144690,15847,7971,7876,104264,51598,52666,29,23,6,117,66,51,18,10,8,90,75,15,634,276,358
C0101,33,627,05866,642475,Sankaraperi (CT),Urban,19844,10001,9843,16461,8329,8132,799,392,407,2564,1272,1292,0,0,0,1,1,0,0,0,0,0,0,0,19,7,12
C0101,33,627,05866,642476,Mappilaiurani (CT),Urban,40035,19853,20182,29199,14503,14696,1209,609,600,9578,4717,4861,2,2,0,8,4,4,0,0,0,0,0,0,39,18,21
C0101,33,627,05866,642477,Milavittan (CT),Urban,45863,23167,22696,36600,18555,18045,661,329,332,8468,4222,4246,3,2,1,14,6,8,1,1,0,10,5,5,106,47,59
C0101,33,627,05866,642478,Muttayyapuram (CT),Urban,32494,16823,15671,26598,13648,12950,1509,823,686,4255,2239,2016,7,5,2,29,29,0,3,2,1,70,67,3,23,10,13
C0101,33,627,05866,642479,Kumaragiri (CT),Urban,13344,6735,6609,9395,4768,4627,84,42,42,3854,1922,1932,1,1,0,1,0,1,1,0,1,0,0,0,8,2,6
C0101,33,627,05866,642480,Athimarapatti (CT),Urban,22218,11081,11137,17853,8943,8910,301,144,157,3857,1898,1959,3,2,1,1,1,0,1,1,0,1,1,0,201,91,110
C0101,33,627,05866,803821,Thoothukkudi (M Corp.),Urban,237830,118298,119532,154523,77193,77330,11284,5632,5652,71688,35328,36360,13,11,2,63,25,38,12,6,6,9,2,7,238,101,137
C0101,33,627,05867,000000,Sub-District - Srivaikuntam,Total,202962,100416,102546,168158,83465,84693,12255,5906,6349,22034,10824,11210,11,5,6,16,9,7,3,3,0,10,4,6,475,200,275
C0101,33,627,05867,000000,Sub-District - Srivaikuntam,Rural,157642,78006,79636,133337,66238,67099,10295,4924,5371,13583,6661,6922,9,4,5,11,6,5,3,3,0,7,2,5,397,168,229
C0101,33,627,05867,000000,Sub-District - Srivaikuntam,Urban,45320,22410,22910,34821,17227,17594,1960,982,978,8451,4163,4288,2,1,1,5,3,2,0,0,0,3,2,1,78,32,46
C0101,33,627,05867,803822,Sayapuram (TP),Urban,12792,6317,6475,9022,4469,4553,19,11,8,3725,1829,1896,0,0,0,1,0,1,0,0,0,1,1,0,24,7,17
C0101,33,627,05867,803823,Perungulam (TP),Urban,7203,3565,3638,4793,2369,2424,2,1,1,2402,1191,1211,0,0,0,3,3,0,0,0,0,0,0,0,3,1,2
C0101,33,627,05867,803824,Srivaikuntam (TP),Urban,15847,7798,8049,13815,6807,7008,847,418,429,1157,561,596,1,0,1,1,0,1,0,0,0,2,1,1,24,11,13
C0101,33,627,05867,803825,Eral (TP),Urban,9478,4730,4748,7191,3582,3609,1092,552,540,1167,582,585,1,1,0,0,0,0,0,0,0,0,0,0,27,13,14
C0101,33,627,05868,000000,Sub-District - Tiruchendur,Total,310945,152066,158879,201076,98870,102206,41612,19754,21858,68038,33323,34715,20,13,7,59,31,28,7,2,5,5,3,2,128,70,58
C0101,33,627,05868,000000,Sub-District - Tiruchendur,Rural,141088,68596,72492,98106,47722,50384,6852,3299,3553,36052,17533,18519,13,8,5,26,15,11,1,0,1,2,1,1,36,18,18
C0101,33,627,05868,000000,Sub-District - Tiruchendur,Urban,169857,83470,86387,102970,51148,51822,34760,16455,18305,31986,15790,16196,7,5,2,33,16,17,6,2,4,3,2,1,92,52,40
C0101,33,627,05868,642593,Veerapandianpattinam (Town) (CT),Urban,6015,2970,3045,2572,1290,1282,7,2,5,3421,1669,1752,0,0,0,13,7,6,0,0,0,0,0,0,2,2,0
C0101,33,627,05868,803826,Kayalpattinam (M),Urban,40588,19492,21096,10689,5338,5351,27293,12817,14476,2580,1322,1258,1,0,1,2,1,1,4,2,2,0,0,0,19,12,7
C0101,33,627,05868,803827,Athur (TP),Urban,10138,5127,5011,7917,4011,3906,1517,755,762,688,352,336,1,1,0,3,3,0,0,0,0,0,0,0,12,5,7
C0101,33,627,05868,803828,Thenthiruperai (TP),Urban,4934,2425,2509,4637,2285,2352,15,5,10,277,131,146,1,1,0,2,2,0,0,0,0,0,0,0,2,1,1
C0101,33,627,05868,803829,Alwarthirunagiri (TP),Urban,9289,4598,4691,7065,3483,3582,1730,869,861,493,246,247,0,0,0,0,0,0,0,0,0,0,0,0,1,0,1
C0101,33,627,05868,803830,Nazerath (TP),Urban,16584,8176,8408,7424,3710,3714,55,26,29,9097,4436,4661,1,1,0,4,0,4,0,0,0,0,0,0,3,3,0
C0101,33,627,05868,803831,Arumuganeri (TP),Urban,27266,13368,13898,21364,10465,10899,59,28,31,5824,2865,2959,1,1,0,3,2,1,2,0,2,0,0,0,13,7,6
C0101,33,627,05868,803832,Kanam (TP),Urban,3134,1486,1648,2719,1282,1437,0,0,0,415,204,211,0,0,0,0,0,0,0,0,0,0,0,0,0,0,0
C0101,33,627,05868,803833,Tiruchendur (TP),Urban,32171,15973,16198,25609,12720,12889,136,65,71,6385,3166,3219,0,0,0,4,1,3,0,0,0,3,2,1,34,19,15
C0101,33,627,05868,803834,Udangudi (TP),Urban,19738,9855,9883,12974,6564,6410,3948,1888,2060,2806,1399,1407,2,1,1,2,0,2,0,0,0,0,0,0,6,3,3
C0101,33,627,05869,000000,Sub-District - Sathankulam,Total,98690,47617,51073,61373,29770,31603,1757,800,957,35470,17005,18465,5,4,1,12,3,9,0,0,0,0,0,0,73,35,38
C0101,33,627,05869,000000,Sub-District - Sathankulam,Rural,84497,40655,43842,50376,24322,26054,977,447,530,33061,15846,17215,4,3,1,11,3,8,0,0,0,0,0,0,68,34,34
C0101,33,627,05869,000000,Sub-District - Sathankulam,Urban,14193,6962,7231,10997,5448,5549,780,353,427,2409,1159,1250,1,1,0,1,0,1,0,0,0,0,0,0,5,1,4
C0101,33,627,05869,803835,Sathankulam (TP),Urban,14193,6962,7231,10997,5448,5549,780,353,427,2409,1159,1250,1,1,0,1,0,1,0,0,0,0,0,0,5,1,4
C0101,33,628,00000,000000,District - Tirunelveli ,Total,3077233,1520912,1556321,2425630,1199635,1225995,303368,151056,152312,342254,167247,175007,268,129,139,373,197,176,144,83,61,450,182,268,4746,2383,2363
C0101,33,628,00000,000000,District - Tirunelveli ,Rural,1557004,768728,788276,1313009,649096,663913,48899,24040,24859,192173,94220,97953,138,67,71,205,99,106,43,23,20,418,164,254,2119,1019,1100
C0101,33,628,00000,000000,District - Tirunelveli ,Urban,1520229,752184,768045,1112621,550539,562082,254469,127016,127453,150081,73027,77054,130,62,68,168,98,70,101,60,41,32,18,14,2627,1364,1263
C0101,33,628,05870,000000,Sub-District - Sivagiri,Total,194156,95537,98619,165720,81422,84298,16960,8558,8402,11196,5406,5790,10,3,7,23,12,11,5,2,3,5,4,1,237,130,107
C0101,33,628,05870,000000,Sub-District - Sivagiri,Rural,72498,35269,37229,66696,32476,34220,761,367,394,4907,2355,2552,4,2,2,12,5,7,4,2,2,3,2,1,111,60,51
C0101,33,628,05870,000000,Sub-District - Sivagiri,Urban,121658,60268,61390,99024,48946,50078,16199,8191,8008,6289,3051,3238,6,1,5,11,7,4,1,0,1,2,2,0,126,70,56
C0101,33,628,05870,803836,Sivagiri (TP),Urban,23040,11399,11641,21804,10792,11012,160,82,78,1036,503,533,1,0,1,7,5,2,0,0,0,2,2,0,30,15,15
C0101,33,628,05870,803837,Rayagiri (TP),Urban,11223,5494,5729,10889,5338,5551,4,1,3,297,138,159,0,0,0,0,0,0,1,0,1,0,0,0,32,17,15
C0101,33,628,05870,803838,Vasudevanallur (TP),Urban,21361,10532,10829,18638,9167,9471,2249,1139,1110,458,215,243,0,0,0,1,1,0,0,0,0,0,0,0,15,10,5
C0101,33,628,05870,803839,Puliankudi (M),Urban,66034,32843,33191,47693,23649,24044,13786,6969,6817,4498,2195,2303,5,1,4,3,1,2,0,0,0,0,0,0,49,28,21
C0101,33,628,05871,000000,Sub-District - Sankarankoil,Total,350144,172965,177179,322629,159357,163272,7619,3819,3800,19544,9617,9927,40,21,19,18,10,8,4,1,3,12,6,6,278,134,144
C0101,33,628,05871,000000,Sub-District - Sankarankoil,Rural,284530,140351,144179,264881,130665,134216,1804,884,920,17580,8674,8906,34,18,16,13,6,7,3,0,3,8,5,3,207,99,108
C0101,33,628,05871,000000,Sub-District - Sankarankoil,Urban,65614,32614,33000,57748,28692,29056,5815,2935,2880,1964,943,1021,6,3,3,5,4,1,1,1,0,4,1,3,71,35,36
C0101,33,628,05871,803840,Thiruvenkadam (TP),Urban,8337,4144,4193,7858,3908,3950,10,7,3,452,223,229,2,1,1,0,0,0,0,0,0,1,0,1,14,5,9
C0101,33,628,05871,803841,Sankarankoil (M),Urban,57277,28470,28807,49890,24784,25106,5805,2928,2877,1512,720,792,4,2,2,5,4,1,1,1,0,3,1,2,57,30,27
C0101,33,628,05872,000000,Sub-District - Veerakeralamputhur,Total,123137,60715,62422,102491,50418,52073,6171,3102,3069,14112,7009,7103,5,1,4,12,4,8,4,3,1,2,2,0,340,176,164
C0101,33,628,05872,000000,Sub-District - Veerakeralamputhur,Rural,87865,43227,44638,72446,35510,36936,4612,2316,2296,10480,5236,5244,5,1,4,5,3,2,3,2,1,1,1,0,313,158,155
C0101,33,628,05872,000000,Sub-District - Veerakeralamputhur,Urban,35272,17488,17784,30045,14908,15137,1559,786,773,3632,1773,1859,0,0,0,7,1,6,1,1,0,1,1,0,27,18,9
C0101,33,628,05872,803842,Surandai (TP),Urban,35272,17488,17784,30045,14908,15137,1559,786,773,3632,1773,1859,0,0,0,7,1,6,1,1,0,1,1,0,27,18,9
C0101,33,628,05873,000000,Sub-District - Tenkasi,Total,399946,199442,200504,311235,154874,156361,70327,35496,34831,17921,8830,9091,27,14,13,18,13,5,18,10,8,9,4,5,391,201,190
C0101,33,628,05873,000000,Sub-District - Tenkasi,Rural,171306,85232,86074,155720,77473,78247,4779,2362,2417,10624,5305,5319,8,3,5,8,6,2,11,6,5,6,3,3,150,74,76
C0101,33,628,05873,000000,Sub-District - Tenkasi,Urban,228640,114210,114430,155515,77401,78114,65548,33134,32414,7297,3525,3772,19,11,8,10,7,3,7,4,3,3,1,2,241,127,114
C0101,33,628,05873,803843,Kadayanallur (M),Urban,90364,45449,44915,50586,25177,25409,39235,19991,19244,437,221,216,4,3,1,5,2,3,3,2,1,1,0,1,93,53,40
C0101,33,628,05873,803844,Sambavar Vadagarai (TP),Urban,16709,8347,8362,14994,7481,7513,737,380,357,975,484,491,0,0,0,0,0,0,2,1,1,0,0,0,1,1,0
C0101,33,628,05873,803845,Aygudi (TP),Urban,15129,7645,7484,12684,6453,6231,28,12,16,2402,1173,1229,1,1,0,0,0,0,0,0,0,0,0,0,14,6,8
C0101,33,628,05873,803846,Tenkasi (M),Urban,70545,34920,35625,43922,21676,22246,24540,12256,12284,1966,927,1039,10,6,4,4,4,0,1,1,0,2,1,1,100,49,51
C0101,33,628,05873,803847,Sundarapandiapuram (TP),Urban,8987,4492,4495,8587,4309,4278,5,2,3,391,180,211,1,0,1,0,0,0,0,0,0,0,0,0,3,1,2
C0101,33,628,05873,803848,Ilanji (TP),Urban,10282,5130,5152,9810,4902,4908,223,107,116,236,114,122,0,0,0,1,1,0,0,0,0,0,0,0,12,6,6
C0101,33,628,05873,803849,Courtalam (TP),Urban,2089,1044,1045,1954,979,975,61,28,33,73,36,37,0,0,0,0,0,0,0,0,0,0,0,0,1,1,0
C0101,33,628,05873,803850,Melagaram (TP),Urban,14535,7183,7352,12978,6424,6554,719,358,361,817,390,427,3,1,2,0,0,0,1,0,1,0,0,0,17,10,7
C0101,33,628,05874,000000,Sub-District - Shenkottai,Total,141416,70899,70517,102337,51283,51054,35323,17826,17497,3667,1745,1922,13,4,9,7,5,2,4,3,1,3,1,2,62,32,30
C0101,33,628,05874,000000,Sub-District - Shenkottai,Rural,51557,25878,25679,44571,22368,22203,5113,2601,2512,1836,890,946,4,1,3,4,3,1,0,0,0,3,1,2,26,14,12
C0101,33,628,05874,000000,Sub-District - Shenkottai,Urban,89859,45021,44838,57766,28915,28851,30210,15225,14985,1831,855,976,9,3,6,3,2,1,4,3,1,0,0,0,36,18,18
C0101,33,628,05874,642790,Sumaitheerthapuram (CT),Urban,6879,3469,3410,6006,3045,2961,207,101,106,659,321,338,2,0,2,1,1,0,0,0,0,0,0,0,4,1,3
C0101,33,628,05874,803851,Achampudur (TP),Urban,13566,6869,6697,7953,3996,3957,5372,2773,2599,230,95,135,4,1,3,1,1,0,2,1,1,0,0,0,4,2,2
C0101,33,628,05874,803852,Vadakarai Keezhpadugai (TP),Urban,20821,10643,10178,7122,3623,3499,13646,6990,6656,43,26,17,1,1,0,1,0,1,0,0,0,0,0,0,8,3,5
C0101,33,628,05874,803853,Panpoli (TP),Urban,9313,4692,4621,6602,3349,3253,2649,1317,1332,61,25,36,1,1,0,0,0,0,0,0,0,0,0,0,0,0,0
C0101,33,628,05874,803854,Pudur (S) (TP),Urban,12457,6165,6292,9435,4688,4747,2651,1299,1352,364,173,191,0,0,0,0,0,0,2,2,0,0,0,0,5,3,2
C0101,33,628,05874,803855,Shenkottai (M),Urban,26823,13183,13640,20648,10214,10434,5685,2745,2940,474,215,259,1,0,1,0,0,0,0,0,0,0,0,0,15,9,6
C0101,33,628,05875,000000,Sub-District - Alangulam,Total,176138,87050,89088,154216,76392,77824,846,416,430,20900,10155,10745,10,3,7,18,9,9,4,3,1,3,2,1,141,70,71
C0101,33,628,05875,000000,Sub-District - Alangulam,Rural,125131,61753,63378,111245,54997,56248,531,258,273,13257,6450,6807,8,2,6,13,6,7,1,0,1,2,1,1,74,39,35
C0101,33,628,05875,000000,Sub-District - Alangulam,Urban,51007,25297,25710,42971,21395,21576,315,158,157,7643,3705,3938,2,1,1,5,3,2,3,3,0,1,1,0,67,31,36
C0101,33,628,05875,642822,Nallur (CT),Urban,7828,3869,3959,6922,3451,3471,6,3,3,899,415,484,0,0,0,0,0,0,0,0,0,0,0,0,1,0,1
C0101,33,628,05875,803856,Kilapavoor (TP),Urban,22231,11162,11069,20501,10288,10213,25,20,5,1659,828,831,1,1,0,0,0,0,1,1,0,0,0,0,44,24,20
C0101,33,628,05875,803857,Alangulam (TP),Urban,20948,10266,10682,15548,7656,7892,284,135,149,5085,2462,2623,1,0,1,5,3,2,2,2,0,1,1,0,22,7,15
C0101,33,628,05876,000000,Sub-District - Tirunelveli,Total,642835,317425,325410,467995,231544,236451,103421,51213,52208,69288,33566,35722,56,23,33,58,31,27,80,47,33,8,4,4,1929,997,932
C0101,33,628,05876,000000,Sub-District - Tirunelveli,Rural,145009,71657,73352,119673,59302,60371,7733,3799,3934,17328,8422,8906,14,5,9,11,5,6,2,1,1,3,1,2,245,122,123
C0101,33,628,05876,000000,Sub-District - Tirunelveli,Urban,497826,245768,252058,348322,172242,176080,95688,47414,48274,51960,25144,26816,42,18,24,47,26,21,78,46,32,5,3,2,1684,875,809
C0101,33,628,05876,803858,Sankarnagar (TP),Urban,7095,3575,3520,5989,3044,2945,479,230,249,618,297,321,0,0,0,0,0,0,5,3,2,0,0,0,4,1,3
C0101,33,628,05876,803859,Naranammalpuram (TP),Urban,17094,8534,8560,15500,7766,7734,407,199,208,1170,563,607,3,0,3,0,0,0,0,0,0,0,0,0,14,6,8
C0101,33,628,05876,803860,Tirunelveli (M Corp.),Urban,473637,233659,239978,326833,161432,165401,94802,46985,47817,50172,24284,25888,39,18,21,47,26,21,73,43,30,5,3,2,1666,868,798
C0101,33,628,05877,000000,Sub-District - Palayamkottai,Total,91176,45240,45936,73982,36582,37400,2540,1258,1282,14581,7360,7221,4,3,1,12,8,4,2,1,1,1,1,0,54,27,27
C0101,33,628,05877,000000,Sub-District - Palayamkottai,Rural,91176,45240,45936,73982,36582,37400,2540,1258,1282,14581,7360,7221,4,3,1,12,8,4,2,1,1,1,1,0,54,27,27
C0101,33,628,05877,000000,Sub-District - Palayamkottai,Urban,0,0,0,0,0,0,0,0,0,0,0,0,0,0,0,0,0,0,0,0,0,0,0,0,0,0,0
C0101,33,628,05878,000000,Sub-District - Ambasamudram,Total,428031,210447,217584,344167,169596,174571,37312,18006,19306,45724,22476,23248,51,27,24,41,21,20,13,7,6,401,153,248,322,161,161
C0101,33,628,05878,000000,Sub-District - Ambasamudram,Rural,182786,90253,92533,144982,71782,73200,15500,7461,8039,21729,10773,10956,22,11,11,11,2,9,9,6,3,387,146,241,146,72,74
C0101,33,628,05878,000000,Sub-District - Ambasamudram,Urban,245245,120194,125051,199185,97814,101371,21812,10545,11267,23995,11703,12292,29,16,13,30,19,11,4,1,3,14,7,7,176,89,87
C0101,33,628,05878,642991,Kadayam (CT) ,Urban,5430,2728,2702,5096,2560,2536,87,40,47,244,125,119,0,0,0,0,0,0,0,0,0,0,0,0,3,3,0
C0101,33,628,05878,642992,Kila Ambur (CT),Urban,6233,3068,3165,5500,2697,2803,67,28,39,662,343,319,0,0,0,0,0,0,0,0,0,1,0,1,3,0,3
C0101,33,628,05878,642993,Sivanthipuram (CT),Urban,14281,7124,7157,10396,5190,5206,103,49,54,3763,1877,1886,2,1,1,3,2,1,1,0,1,0,0,0,13,5,8
C0101,33,628,05878,803861,Alwarkurichi (TP),Urban,10045,4907,5138,8967,4379,4588,715,343,372,357,180,177,0,0,0,1,1,0,0,0,0,0,0,0,5,4,1
C0101,33,628,05878,803862,Mukkudal (TP),Urban,14983,7274,7709,10962,5320,5642,30,10,20,3987,1943,2044,0,0,0,0,0,0,0,0,0,0,0,0,4,1,3
C0101,33,628,05878,803863,Vikramasingapuram (M),Urban,47241,22955,24286,37139,18135,19004,3521,1659,1862,6535,3135,3400,9,5,4,9,5,4,1,0,1,2,1,1,25,15,10
C0101,33,628,05878,803864,Ambasamudram (M),Urban,35645,17405,18240,31923,15610,16313,2137,1016,1121,1531,750,781,3,2,1,11,7,4,1,0,1,6,3,3,33,17,16
C0101,33,628,05878,803865,Cheranmadevi (TP),Urban,18327,9120,9207,14699,7329,7370,2292,1155,1137,1334,634,700,0,0,0,1,1,0,0,0,0,0,0,0,1,1,0
C0101,33,628,05878,803866,Veeravanallur (TP),Urban,19585,9491,10094,16637,8090,8547,1745,832,913,1186,557,629,5,4,1,2,2,0,0,0,0,0,0,0,10,6,4
C0101,33,628,05878,803867,Kalladaikurichi (TP),Urban,26398,12853,13545,21727,10615,11112,3516,1694,1822,1135,536,599,2,1,1,2,1,1,1,1,0,0,0,0,15,5,10
C0101,33,628,05878,803868,Manimutharu (TP),Urban,11323,5629,5694,9288,4622,4666,150,72,78,1862,925,937,2,1,1,1,0,1,0,0,0,0,0,0,20,9,11
C0101,33,628,05878,803869,Pathamadai (TP),Urban,16625,8106,8519,9823,4792,5031,6667,3243,3424,96,50,46,3,2,1,0,0,0,0,0,0,5,3,2,31,16,15
C0101,33,628,05878,803870,Melacheval (TP),Urban,8435,4196,4239,7243,3601,3642,570,291,279,613,300,313,1,0,1,0,0,0,0,0,0,0,0,0,8,4,4
C0101,33,628,05878,803871,Gopalasamudram (TP),Urban,10694,5338,5356,9785,4874,4911,212,113,99,690,348,342,2,0,2,0,0,0,0,0,0,0,0,0,5,3,2
C0101,33,628,05879,000000,Sub-District - Nanguneri,Total,225602,110908,114694,168779,83136,85643,15323,7667,7656,40830,19794,21036,20,12,8,22,11,11,3,2,1,2,2,0,623,284,339
C0101,33,628,05879,000000,Sub-District - Nanguneri,Rural,149520,73486,76034,115971,57206,58765,823,468,355,32174,15561,16613,15,9,6,15,6,9,1,1,0,0,0,0,521,235,286
C0101,33,628,05879,000000,Sub-District - Nanguneri,Urban,76082,37422,38660,52808,25930,26878,14500,7199,7301,8656,4233,4423,5,3,2,7,5,2,2,1,1,2,2,0,102,49,53
C0101,33,628,05879,803872,Moolakaraipatti (TP),Urban,11112,5511,5601,9419,4656,4763,669,346,323,978,485,493,1,1,0,2,1,1,1,1,0,1,1,0,41,20,21
C0101,33,628,05879,803873,Kalakad (TP),Urban,30921,15122,15799,22330,10927,11403,3117,1522,1595,5419,2645,2774,1,0,1,2,2,0,1,0,1,0,0,0,51,26,25
C0101,33,628,05879,803874,Nanguneri (TP),Urban,6640,3271,3369,6421,3163,3258,33,21,12,186,87,99,0,0,0,0,0,0,0,0,0,0,0,0,0,0,0
C0101,33,628,05879,803875,Eruvadi (TP),Urban,18067,9015,9052,6614,3310,3304,10546,5245,5301,897,457,440,1,0,1,1,1,0,0,0,0,0,0,0,8,2,6
C0101,33,628,05879,803876,Thirukarungudi (TP),Urban,9342,4503,4839,8024,3874,4150,135,65,70,1176,559,617,2,2,0,2,1,1,0,0,0,1,1,0,2,1,1
C0101,33,628,05880,000000,Sub-District - Radhapuram,Total,304652,150284,154368,212079,105031,107048,7526,3695,3831,84491,41289,43202,32,18,14,144,73,71,7,4,3,4,3,1,369,171,198
C0101,33,628,05880,000000,Sub-District - Radhapuram,Rural,195626,96382,99244,142842,70735,72107,4703,2266,2437,47677,23194,24483,20,12,8,101,49,52,7,4,3,4,3,1,272,119,153
C0101,33,628,05880,000000,Sub-District - Radhapuram,Urban,109026,53902,55124,69237,34296,34941,2823,1429,1394,36814,18095,18719,12,6,6,43,24,19,0,0,0,0,0,0,97,52,45
C0101,33,628,05880,643089,Terkukallikulam (CT),Urban,5980,2850,3130,1817,869,948,133,66,67,4024,1910,2114,0,0,0,3,3,0,0,0,0,0,0,0,3,2,1
C0101,33,628,05880,643090,Vaddakkankulam (CT),Urban,9220,4421,4799,3805,1876,1929,37,14,23,5358,2525,2833,1,0,1,12,4,8,0,0,0,0,0,0,7,2,5
C0101,33,628,05880,643091,Overi (CT),Urban,5694,2966,2728,23,13,10,9,6,3,5652,2942,2710,0,0,0,10,5,5,0,0,0,0,0,0,0,0,0
C0101,33,628,05880,643092,Kuthankuzhi (CT),Urban,5118,2632,2486,380,180,200,10,7,3,4710,2434,2276,0,0,0,12,7,5,0,0,0,0,0,0,6,4,2
C0101,33,628,05880,803877,Vadakkuvalliyur (TP),Urban,29417,14534,14883,22659,11252,11407,482,238,244,6226,3020,3206,3,2,1,3,2,1,0,0,0,0,0,0,44,20,24
C0101,33,628,05880,803878,Panagudi (TP),Urban,29895,14759,15136,21930,10863,11067,1354,685,669,6594,3201,3393,2,1,1,3,3,0,0,0,0,0,0,0,12,6,6
C0101,33,628,05880,803879,Thisayanvilai (TP),Urban,23702,11740,11962,18623,9243,9380,798,413,385,4250,2063,2187,6,3,3,0,0,0,0,0,0,0,0,0,25,18,7
C0101,33,629,00000,000000,District - Kanniyakumari,Total,1870374,926345,944029,909872,453009,456863,78590,38462,40128,876299,432363,443936,160,80,80,438,217,221,156,77,79,10,5,5,4849,2132,2717
C0101,33,629,00000,000000,District - Kanniyakumari,Rural,330572,164938,165634,163428,81816,81612,6768,3364,3404,159208,79242,79966,27,11,16,103,46,57,28,16,12,4,2,2,1006,441,565
C0101,33,629,00000,000000,District - Kanniyakumari,Urban,1539802,761407,778395,746444,371193,375251,71822,35098,36724,717091,353121,363970,133,69,64,335,171,164,128,61,67,6,3,3,3843,1691,2152
C0101,33,629,05881,000000,Sub-District - Vilavancode,Total,590567,291713,298854,228139,113248,114891,14619,7240,7379,345203,170097,175106,54,26,28,182,91,91,82,39,43,5,3,2,2283,969,1314
C0101,33,629,05881,000000,Sub-District - Vilavancode,Rural,60983,30509,30474,14710,7274,7436,798,408,390,45284,22731,22553,6,1,5,39,18,21,20,13,7,1,1,0,125,63,62
C0101,33,629,05881,000000,Sub-District - Vilavancode,Urban,529584,261204,268380,213429,105974,107455,13821,6832,6989,299919,147366,152553,48,25,23,143,73,70,62,26,36,4,2,2,2158,906,1252
C0101,33,629,05881,643101,Puliyoorsalai (CT),Urban,6361,3085,3276,2336,1145,1191,523,267,256,3237,1573,1664,2,0,2,2,1,1,2,2,0,0,0,0,259,97,162
C0101,33,629,05881,643102,Manjalumoodu (CT),Urban,6840,3300,3540,2368,1150,1218,15,8,7,4432,2129,2303,0,0,0,2,1,1,0,0,0,1,0,1,22,12,10
C0101,33,629,05881,643103,Muzhucode (CT),Urban,8000,3945,4055,2754,1412,1342,15,8,7,5209,2515,2694,0,0,0,2,1,1,1,0,1,1,0,1,18,9,9
C0101,33,629,05881,643104,Malayadi (CT),Urban,7812,3821,3991,2291,1137,1154,10,7,3,5501,2670,2831,1,1,0,4,1,3,1,1,0,0,0,0,4,4,0
C0101,33,629,05881,643105,Vanniyoor (CT),Urban,4319,2092,2227,1217,581,636,12,9,3,3057,1488,1569,0,0,0,4,3,1,0,0,0,1,1,0,28,10,18
C0101,33,629,05881,643106,Maruthancode (CT),Urban,8277,4082,4195,3824,1880,1944,20,12,8,4430,2187,2243,0,0,0,2,2,0,0,0,0,0,0,0,1,1,0
C0101,33,629,05881,643107,Vellamcode (CT),Urban,12715,6256,6459,7758,3819,3939,13,8,5,4919,2416,2503,2,1,1,1,1,0,3,3,0,0,0,0,19,8,11
C0101,33,629,05881,643108,Kulappuram  (CT),Urban,7677,3797,3880,1362,670,692,173,73,100,6114,3040,3074,0,0,0,1,1,0,0,0,0,0,0,0,27,13,14
C0101,33,629,05881,643109,Adaikkakuzhi (CT),Urban,8888,4408,4480,2721,1355,1366,193,88,105,5904,2934,2970,2,0,2,0,0,0,0,0,0,0,0,0,68,31,37
C0101,33,629,05881,643110,Methukummal (CT),Urban,19417,9513,9904,10301,5118,5183,144,82,62,8519,4137,4382,1,1,0,1,1,0,1,0,1,0,0,0,450,174,276
C0101,33,629,05881,643111,Vilavancode (CT)  ,Urban,6731,3353,3378,3663,1854,1809,7,4,3,3057,1493,1564,0,0,0,1,0,1,0,0,0,0,0,0,3,2,1
C0101,33,629,05881,643112,Choozhal (CT),Urban,6807,3373,3434,1911,953,958,9,5,4,4866,2406,2460,0,0,0,1,1,0,0,0,0,0,0,0,20,8,12
C0101,33,629,05881,643113,Nadaikavu (CT),Urban,8727,4369,4358,3373,1683,1690,39,19,20,5279,2651,2628,1,1,0,1,1,0,0,0,0,0,0,0,34,14,20
C0101,33,629,05881,643114,Vavarai (CT),Urban,8362,4106,4256,3219,1621,1598,26,10,16,5108,2470,2638,1,1,0,2,1,1,0,0,0,0,0,0,6,3,3
C0101,33,629,05881,643115,Mancad (CT),Urban,4889,2390,2499,1600,806,794,5,0,5,3259,1569,1690,0,0,0,0,0,0,0,0,0,0,0,0,25,15,10
C0101,33,629,05881,643116,Vilathurai (CT),Urban,19758,9803,9955,10756,5403,5353,22,9,13,8891,4349,4542,1,1,0,0,0,0,0,0,0,0,0,0,88,41,47
C0101,33,629,05881,643117,Nattalam  (CT),Urban,7674,3821,3853,2248,1132,1116,2,2,0,5416,2680,2736,0,0,0,1,1,0,0,0,0,1,1,0,6,5,1
C0101,33,629,05881,643118,Painkulam  (CT),Urban,23630,11709,11921,14218,7047,7171,3371,1702,1669,5987,2937,3050,0,0,0,0,0,0,0,0,0,0,0,0,54,23,31
C0101,33,629,05881,643119,Paloor (CT),Urban,6818,3357,3461,3059,1535,1524,17,7,10,3735,1811,1924,0,0,0,1,0,1,1,1,0,0,0,0,5,3,2
C0101,33,629,05881,643120,Midalam (CT)  ,Urban,8625,4279,4346,1447,732,715,84,41,43,7084,3498,3586,1,1,0,7,5,2,0,0,0,0,0,0,2,2,0
C0101,33,629,05881,643121,Mathicode (CT),Urban,6532,3177,3355,1606,779,827,6,5,1,4914,2390,2524,0,0,0,5,3,2,0,0,0,0,0,0,1,0,1
C0101,33,629,05881,803880,Kadayal (TP),Urban,21665,10631,11034,8709,4325,4384,1663,810,853,11230,5458,5772,2,2,0,8,4,4,0,0,0,0,0,0,53,32,21
C0101,33,629,05881,803881,Arumanai (TP),Urban,16283,8021,8262,7652,3777,3875,31,12,19,8580,4222,4358,2,1,1,7,4,3,1,0,1,0,0,0,10,5,5
C0101,33,629,05881,803882,Edaicode (TP),Urban,25378,12443,12935,10016,4957,5059,97,44,53,15134,7392,7742,4,2,2,7,3,4,1,0,1,0,0,0,119,45,74
C0101,33,629,05881,803883,Palugal (TP),Urban,18276,8756,9520,8688,4164,4524,70,31,39,9399,4494,4905,2,2,0,11,4,7,3,1,2,0,0,0,103,60,43
C0101,33,629,05881,803884,Kaliyakkavilai (TP),Urban,15625,7753,7872,5121,2548,2573,1448,754,694,8987,4419,4568,0,0,0,4,2,2,14,5,9,0,0,0,51,25,26
C0101,33,629,05881,803885,Pacode (TP),Urban,24050,12089,11961,10299,5265,5034,92,42,50,13579,6743,6836,3,1,2,7,2,5,1,1,0,0,0,0,69,35,34
C0101,33,629,05881,803886,Kuzhithurai (M),Urban,21307,10539,10768,9284,4610,4674,1047,529,518,10953,5389,5564,0,0,0,4,3,1,0,0,0,0,0,0,19,8,11
C0101,33,629,05881,803887,Unnamalaikadai (TP),Urban,23656,11795,11861,9823,4997,4826,323,167,156,13124,6496,6628,2,0,2,4,2,2,5,1,4,0,0,0,375,132,243
C0101,33,629,05881,803888,Nalloor (TP),Urban,17989,8985,9004,9969,5008,4961,296,148,148,7694,3817,3877,3,1,2,4,2,2,2,2,0,0,0,0,21,7,14
C0101,33,629,05881,803889,Kollancode (TP),Urban,38385,19273,19112,8420,4136,4284,1173,567,606,28741,14550,14191,1,0,1,8,5,3,6,1,5,0,0,0,36,14,22
C0101,33,629,05881,803890,Ezhudesam (TP),Urban,24657,12112,12545,9740,4779,4961,1636,795,841,13245,6520,6725,5,3,2,8,4,4,0,0,0,0,0,0,23,11,12
C0101,33,629,05881,803891,Puthukkadai (TP),Urban,9909,4862,5047,6030,2976,3054,30,17,13,3830,1861,1969,3,2,1,3,1,2,2,1,1,0,0,0,11,4,7
C0101,33,629,05881,803892,Killiyoor (TP),Urban,20938,10309,10629,6979,3499,3480,35,16,19,13882,6782,7100,4,1,3,8,2,6,1,1,0,0,0,0,29,8,21
C0101,33,629,05881,803893,Keezhkulam (TP),Urban,17327,8580,8747,8778,4346,4432,1108,507,601,7413,3717,3696,1,1,0,8,4,4,1,0,1,0,0,0,18,5,13
C0101,33,629,05881,803894,Karungal (TP),Urban,16691,8030,8661,5789,2792,2997,42,16,26,10808,5198,5610,2,0,2,4,3,1,15,6,9,0,0,0,31,15,16
C0101,33,629,05881,803895,Palappallam (TP),Urban,18589,8990,9599,4100,1983,2117,24,11,13,14402,6965,7437,2,2,0,10,4,6,1,0,1,0,0,0,50,25,25
C0101,33,629,05882,000000,Sub-District - Kalkulam,Total,606706,302183,304523,259193,129498,129695,29161,14511,14650,316546,157359,159187,50,24,26,148,71,77,15,7,8,4,2,2,1589,711,878
C0101,33,629,05882,000000,Sub-District - Kalkulam,Rural,113334,56825,56509,49387,24815,24572,889,440,449,62491,31332,31159,9,3,6,43,16,27,2,2,0,3,1,2,510,216,294
C0101,33,629,05882,000000,Sub-District - Kalkulam,Urban,493372,245358,248014,209806,104683,105123,28272,14071,14201,254055,126027,128028,41,21,20,105,55,50,13,5,8,1,1,0,1079,495,584
C0101,33,629,05882,643139,Ayacode (CT),Urban,8874,4335,4539,3722,1864,1858,24,15,9,5122,2453,2669,0,0,0,0,0,0,1,0,1,0,0,0,5,3,2
C0101,33,629,05882,643140,Kattathurai (CT),Urban,17271,8598,8673,3869,1923,1946,446,239,207,12941,6428,6513,1,1,0,5,3,2,0,0,0,0,0,0,9,4,5
C0101,33,629,05882,643141,Kannanoor (CT),Urban,7747,3921,3826,791,399,392,347,164,183,6604,3354,3250,0,0,0,4,3,1,0,0,0,0,0,0,1,1,0
C0101,33,629,05882,643142,Thikkanamcode (CT),Urban,14086,7031,7055,7982,4003,3979,7,2,5,6088,3022,3066,0,0,0,0,0,0,0,0,0,0,0,0,9,4,5
C0101,33,629,05882,643143,Nullivilai (CT),Urban,16138,8080,8058,7909,3965,3944,26,16,10,8182,4086,4096,3,1,2,2,1,1,0,0,0,0,0,0,16,11,5
C0101,33,629,05882,643144,Athivilai (CT),Urban,7401,3575,3826,2985,1444,1541,102,52,50,4306,2075,2231,0,0,0,5,2,3,1,1,0,0,0,0,2,1,1
C0101,33,629,05882,643145,Kattimancode (CT),Urban,8541,4331,4210,5454,2800,2654,11,4,7,3021,1500,1521,0,0,0,7,3,4,0,0,0,0,0,0,48,24,24
C0101,33,629,05882,803896,Thirparappu (TP),Urban,22401,11034,11367,12804,6328,6476,149,73,76,9077,4491,4586,4,2,2,4,3,1,0,0,0,0,0,0,363,137,226
C0101,33,629,05882,803897,Ponmanai (TP),Urban,15554,7766,7788,9486,4719,4767,214,110,104,5749,2879,2870,4,2,2,0,0,0,0,0,0,0,0,0,101,56,45
C0101,33,629,05882,803898,Kulasekaram (TP),Urban,17267,8556,8711,8981,4518,4463,1708,821,887,6559,3208,3351,3,2,1,4,2,2,1,0,1,0,0,0,11,5,6
C0101,33,629,05882,803899,Thiruvattar (TP),Urban,18985,9454,9531,7331,3650,3681,38,18,20,11590,5774,5816,1,0,1,8,3,5,1,0,1,1,1,0,15,8,7
C0101,33,629,05882,803900,Athur (TP),Urban,11910,6021,5889,5020,2533,2487,20,11,9,6840,3460,3380,2,1,1,3,3,0,0,0,0,0,0,0,25,13,12
C0101,33,629,05882,803901,Verkilambi (TP),Urban,19730,9936,9794,3906,1981,1925,602,312,290,15199,7630,7569,1,1,0,3,1,2,0,0,0,0,0,0,19,11,8
C0101,33,629,05882,803902,Kumarapuram (TP),Urban,14728,7388,7340,3895,1981,1914,742,364,378,10064,5024,5040,1,1,0,2,2,0,0,0,0,0,0,0,24,16,8
C0101,33,629,05882,803903,Kothanallur (TP),Urban,17662,8852,8810,3647,1816,1831,422,215,207,13508,6783,6725,2,1,1,8,5,3,0,0,0,0,0,0,75,32,43
C0101,33,629,05882,803904,Valvaithankoshtam (TP),Urban,16965,8310,8655,3710,1823,1887,1038,510,528,12191,5965,6226,0,0,0,9,4,5,1,0,1,0,0,0,16,8,8
C0101,33,629,05882,803905,Mulagumudu (TP),Urban,19538,9603,9935,5821,2893,2928,85,43,42,13607,6653,6954,2,0,2,1,0,1,1,0,1,0,0,0,21,14,7
C0101,33,629,05882,803906,Vilavur (TP),Urban,14320,7147,7173,5069,2555,2514,280,145,135,8958,4439,4519,0,0,0,3,3,0,0,0,0,0,0,0,10,5,5
C0101,33,629,05882,803907,Padmanabhapuram (M),Urban,21342,10518,10824,12891,6395,6496,4407,2179,2228,4023,1935,2088,1,0,1,1,0,1,1,1,0,0,0,0,18,8,10
C0101,33,629,05882,803908,Thiruvithancode (TP),Urban,18723,9240,9483,7898,3935,3963,7770,3789,3981,3038,1506,1532,1,1,0,3,2,1,0,0,0,0,0,0,13,7,6
C0101,33,629,05882,803909,Kappiyarai (TP),Urban,15998,7858,8140,5312,2612,2700,39,19,20,10630,5225,5405,2,0,2,4,0,4,0,0,0,0,0,0,11,2,9
C0101,33,629,05882,803910,Eraniel (TP),Urban,10375,5164,5211,8978,4473,4505,39,19,20,1341,664,677,2,0,2,0,0,0,0,0,0,0,0,0,15,8,7
C0101,33,629,05882,803911,Villukuri (TP),Urban,15304,7534,7770,9510,4703,4807,20,9,11,5763,2818,2945,1,0,1,0,0,0,0,0,0,0,0,0,10,4,6
C0101,33,629,05882,803912,Neyyoor (TP),Urban,12917,6414,6503,3568,1797,1771,85,44,41,9244,4567,4677,1,1,0,4,1,3,0,0,0,0,0,0,15,4,11
C0101,33,629,05882,803913,Reethapuram (TP),Urban,21177,10575,10602,5639,2769,2870,40,19,21,15483,7776,7707,0,0,0,2,1,1,0,0,0,0,0,0,13,10,3
C0101,33,629,05882,803914,Kallukuttam (TP),Urban,19093,9440,9653,7730,3880,3850,325,155,170,10996,5382,5614,1,1,0,6,5,1,0,0,0,0,0,0,35,17,18
C0101,33,629,05882,803915,Thingalnagar (TP),Urban,13567,6729,6838,8356,4151,4205,356,167,189,4840,2402,2438,2,2,0,1,0,1,0,0,0,0,0,0,12,7,5
C0101,33,629,05882,803916,Alur (TP),Urban,15063,7460,7603,8414,4203,4211,1328,665,663,5265,2563,2702,1,0,1,3,3,0,0,0,0,0,0,0,52,26,26
C0101,33,629,05882,803917,Colachel (M),Urban,23227,11767,11460,5237,2614,2623,5756,2941,2815,12175,6185,5990,0,0,0,5,2,3,5,3,2,0,0,0,49,22,27
C0101,33,629,05882,803918,Mandaikadu (TP),Urban,13317,6611,6706,7575,3808,3767,28,12,16,5706,2786,2920,1,0,1,2,1,1,1,0,1,0,0,0,4,4,0
C0101,33,629,05882,803919,Manavalakurichi (TP),Urban,10969,5478,5491,4929,2420,2509,1776,924,852,4246,2126,2120,3,3,0,6,2,4,0,0,0,0,0,0,9,3,6
C0101,33,629,05882,803920,Vellimalai (TP),Urban,13182,6632,6550,11387,5728,5659,42,15,27,1699,868,831,1,1,0,0,0,0,0,0,0,0,0,0,53,20,33
C0101,33,629,05883,000000,Sub-District - Thovala,Total,120926,60056,60870,74733,37183,37550,7480,3711,3769,38344,18987,19357,8,7,1,19,10,9,2,1,1,0,0,0,340,157,183
C0101,33,629,05883,000000,Sub-District - Thovala,Rural,50496,25099,25397,33224,16551,16673,2975,1495,1480,14200,7003,7197,5,5,0,3,3,0,1,0,1,0,0,0,88,42,46
C0101,33,629,05883,000000,Sub-District - Thovala,Urban,70430,34957,35473,41509,20632,20877,4505,2216,2289,24144,11984,12160,3,2,1,16,7,9,1,1,0,0,0,0,252,115,137
C0101,33,629,05883,643164,Thadikarankonam (CT),Urban,6241,3087,3154,2227,1118,1109,107,53,54,3900,1910,1990,0,0,0,4,3,1,0,0,0,0,0,0,3,3,0
C0101,33,629,05883,643165,Chenbagaramanputhur  (CT),Urban,5028,2479,2549,4375,2168,2207,57,26,31,494,244,250,0,0,0,0,0,0,0,0,0,0,0,0,102,41,61
C0101,33,629,05883,803921,Azhagiapandipuram (TP),Urban,11392,5675,5717,5168,2581,2587,26,11,15,6177,3076,3101,2,1,1,7,1,6,0,0,0,0,0,0,12,5,7
C0101,33,629,05883,803922,Boothapandi (TP),Urban,15931,7898,8033,6228,3096,3132,4213,2081,2132,5416,2684,2732,1,1,0,0,0,0,0,0,0,0,0,0,73,36,37
C0101,33,629,05883,803923,Aralvaimozhi (TP),Urban,22846,11373,11473,16275,8098,8177,97,43,54,6415,3202,3213,0,0,0,4,3,1,1,1,0,0,0,0,54,26,28
C0101,33,629,05883,803924,Thazhakudy (TP),Urban,8992,4445,4547,7236,3571,3665,5,2,3,1742,868,874,0,0,0,1,0,1,0,0,0,0,0,0,8,4,4
C0101,33,629,05884,000000,Sub-District - Agastheeswaram,Total,552175,272393,279782,347807,173080,174727,27330,13000,14330,176206,85920,90286,48,23,25,89,45,44,57,30,27,1,0,1,637,295,342
C0101,33,629,05884,000000,Sub-District - Agastheeswaram,Rural,105759,52505,53254,66107,33176,32931,2106,1021,1085,37233,18176,19057,7,2,5,18,9,9,5,1,4,0,0,0,283,120,163
C0101,33,629,05884,000000,Sub-District - Agastheeswaram,Urban,446416,219888,226528,281700,139904,141796,25224,11979,13245,138973,67744,71229,41,21,20,71,36,35,52,29,23,1,0,1,354,175,179
C0101,33,629,05884,643186,Putheri (CT),Urban,5576,2798,2778,5060,2547,2513,27,13,14,488,237,251,0,0,0,0,0,0,0,0,0,0,0,0,1,1,0
C0101,33,629,05884,643187,Gandipuram (CT),Urban,6106,3080,3026,4967,2517,2450,503,240,263,635,323,312,0,0,0,0,0,0,0,0,0,0,0,0,1,0,1
C0101,33,629,05884,643188,Peruvilai (CT),Urban,6090,3012,3078,3322,1661,1661,1245,612,633,1513,733,780,0,0,0,1,1,0,0,0,0,0,0,0,9,5,4
C0101,33,629,05884,643189,Dharamapuram  (CT),Urban,17476,8768,8708,15530,7846,7684,572,285,287,1365,634,731,1,0,1,0,0,0,0,0,0,0,0,0,8,3,5
C0101,33,629,05884,643190,Pallanthurai (CT),Urban,5386,2675,2711,1412,715,697,102,52,50,3870,1907,1963,0,0,0,0,0,0,0,0,0,0,0,0,2,1,1
C0101,33,629,05884,643191,Manakudi (CT),Urban,4083,1926,2157,8,8,0,0,0,0,4075,1918,2157,0,0,0,0,0,0,0,0,0,0,0,0,0,0,0
C0101,33,629,05884,803925,Marungur (TP),Urban,11236,5591,5645,5578,2786,2792,17,8,9,5619,2788,2831,2,2,0,8,2,6,0,0,0,0,0,0,12,5,7
C0101,33,629,05884,803926,Therur (TP),Urban,7615,3762,3853,6829,3375,3454,17,9,8,759,372,387,1,1,0,2,0,2,1,1,0,0,0,0,6,4,2
C0101,33,629,05884,803927,Nagercoil (M),Urban,224849,109938,114911,137301,67807,69494,19982,9412,10570,67329,32590,34739,25,13,12,38,22,16,42,23,19,0,0,0,132,71,61
C0101,33,629,05884,803928,Asaripallam (TP),Urban,16822,8257,8565,10141,5014,5127,151,80,71,6511,3161,3350,3,1,2,3,0,3,1,1,0,0,0,0,12,0,12
C0101,33,629,05884,803929,Suchindrum (TP),Urban,13193,6526,6667,11055,5470,5585,14,9,5,2116,1043,1073,4,3,1,0,0,0,0,0,0,0,0,0,4,1,3
C0101,33,629,05884,803930,Ganapathipuram (TP),Urban,14598,7299,7299,9400,4660,4740,22,11,11,5164,2625,2539,1,0,1,4,1,3,0,0,0,1,0,1,6,2,4
C0101,33,629,05884,803931,Mylaudy (TP),Urban,10070,5004,5066,7330,3640,3690,13,8,5,2716,1352,1364,0,0,0,1,0,1,0,0,0,0,0,0,10,4,6
C0101,33,629,05884,803932,Alagappapuram (TP),Urban,9626,4646,4980,2614,1332,1282,75,34,41,6932,3278,3654,1,0,1,3,2,1,0,0,0,0,0,0,1,0,1
C0101,33,629,05884,803933,Anjugrammam (TP),Urban,10982,5401,5581,7983,3943,4040,25,16,9,2962,1436,1526,1,1,0,0,0,0,1,0,1,0,0,0,10,5,5
C0101,33,629,05884,803934,Kottaram (TP),Urban,11055,5495,5560,8493,4227,4266,359,177,182,2172,1072,1100,1,0,1,1,1,0,2,2,0,0,0,0,27,16,11
C0101,33,629,05884,803935,Thengampudur (TP),Urban,14538,7289,7249,11777,5944,5833,103,46,57,2647,1295,1352,0,0,0,1,1,0,0,0,0,0,0,0,10,3,7
C0101,33,629,05884,803936,Puthalam (TP),Urban,13073,6449,6624,9379,4662,4717,627,288,339,3062,1497,1565,0,0,0,0,0,0,0,0,0,0,0,0,5,2,3
C0101,33,629,05884,803937,Agastheeswaram (TP),Urban,9717,4809,4908,8167,4056,4111,10,5,5,1523,738,785,0,0,0,0,0,0,0,0,0,0,0,0,17,10,7
C0101,33,629,05884,803938,Thenthamaraikulam (TP),Urban,11872,5891,5981,7951,3968,3983,131,60,71,3782,1860,1922,0,0,0,0,0,0,0,0,0,0,0,0,8,3,5
C0101,33,629,05884,803939,Kanniyakumari (TP),Urban,22453,11272,11181,7403,3726,3677,1229,614,615,13733,6885,6848,1,0,1,9,6,3,5,2,3,0,0,0,73,39,34
C0101,33,630,00000,000000,District - Dharmapuri,Total,1506843,774303,732540,1452956,747236,705720,38304,19316,18988,14089,6984,7105,164,90,74,39,16,23,37,17,20,87,50,37,1167,594,573
C0101,33,630,00000,000000,District - Dharmapuri,Rural,1245931,643215,602716,1221915,631112,590803,12361,6276,6085,10607,5285,5322,137,72,65,33,14,19,19,7,12,53,29,24,806,420,386
C0101,33,630,00000,000000,District - Dharmapuri,Urban,260912,131088,129824,231041,116124,114917,25943,13040,12903,3482,1699,1783,27,18,9,6,2,4,18,10,8,34,21,13,361,174,187
C0101,33,630,05885,000000,Sub-District - Palakkodu,Total,346489,178574,167915,330610,170543,160067,12255,6208,6047,3378,1698,1680,18,12,6,11,4,7,6,2,4,36,18,18,175,89,86
C0101,33,630,05885,000000,Sub-District - Palakkodu,Rural,299568,155018,144550,293524,151944,141580,2831,1457,1374,3054,1537,1517,10,6,4,11,4,7,3,1,2,11,4,7,124,65,59
C0101,33,630,05885,000000,Sub-District - Palakkodu,Urban,46921,23556,23365,37086,18599,18487,9424,4751,4673,324,161,163,8,6,2,0,0,0,3,1,2,25,14,11,51,24,27
C0101,33,630,05885,803940,Marandahalli (TP),Urban,12451,6211,6240,11167,5592,5575,1155,560,595,87,38,49,6,4,2,0,0,0,0,0,0,0,0,0,36,17,19
C0101,33,630,05885,803941,Kariamangalam (TP),Urban,13511,6757,6754,12246,6148,6098,1175,561,614,62,34,28,0,0,0,0,0,0,1,0,1,21,11,10,6,3,3
C0101,33,630,05885,803942,Palakkodu (TP),Urban,20959,10588,10371,13673,6859,6814,7094,3630,3464,175,89,86,2,2,0,0,0,0,2,1,1,4,3,1,9,4,5
C0101,33,630,05886,000000,Sub-District - Harur,Total,240908,122571,118337,233720,119043,114677,5604,2759,2845,1321,629,692,47,22,25,2,1,1,5,1,4,18,12,6,191,104,87
C0101,33,630,05886,000000,Sub-District - Harur,Rural,203245,103774,99471,199444,101884,97560,2614,1308,1306,971,469,502,47,22,25,1,1,0,2,0,2,16,10,6,150,80,70
C0101,33,630,05886,000000,Sub-District - Harur,Urban,37663,18797,18866,34276,17159,17117,2990,1451,1539,350,160,190,0,0,0,1,0,1,3,1,2,2,2,0,41,24,17
C0101,33,630,05886,803943,Kambainallur (TP),Urban,12194,6254,5940,11881,6100,5781,252,123,129,47,22,25,0,0,0,0,0,0,0,0,0,1,1,0,13,8,5
C0101,33,630,05886,803944,Harur (TP),Urban,25469,12543,12926,22395,11059,11336,2738,1328,1410,303,138,165,0,0,0,1,0,1,3,1,2,1,1,0,28,16,12
C0101,33,630,05887,000000,Sub-District - Pappireddipatti,Total,243445,123771,119674,233111,118563,114548,6500,3273,3227,3647,1846,1801,17,9,8,10,1,9,10,4,6,8,4,4,142,71,71
C0101,33,630,05887,000000,Sub-District - Pappireddipatti,Rural,209989,106867,103122,202256,102959,99297,4564,2321,2243,2998,1508,1490,14,7,7,10,1,9,9,3,6,7,3,4,131,65,66
C0101,33,630,05887,000000,Sub-District - Pappireddipatti,Urban,33456,16904,16552,30855,15604,15251,1936,952,984,649,338,311,3,2,1,0,0,0,1,1,0,1,1,0,11,6,5
C0101,33,630,05887,803945,Kadathur (TP),Urban,11382,5789,5593,10926,5560,5366,425,212,213,23,12,11,1,1,0,0,0,0,0,0,0,1,1,0,6,3,3
C0101,33,630,05887,803946,B.Mallapuram (TP),Urban,12705,6393,6312,11266,5667,5599,878,432,446,556,291,265,0,0,0,0,0,0,0,0,0,0,0,0,5,3,2
C0101,33,630,05887,803947,Pappireddipatti (TP),Urban,9369,4722,4647,8663,4377,4286,633,308,325,70,35,35,2,1,1,0,0,0,1,1,0,0,0,0,0,0,0
C0101,33,630,05888,000000,Sub-District - Dharmapuri,Total,441148,226210,214938,424208,217745,206463,11231,5680,5551,5078,2457,2621,64,37,27,12,7,5,13,8,5,9,5,4,533,271,262
C0101,33,630,05888,000000,Sub-District - Dharmapuri,Rural,327930,169450,158480,322426,166718,155708,2056,1033,1023,3099,1509,1590,51,28,23,7,5,2,3,2,1,5,3,2,283,152,131
C0101,33,630,05888,000000,Sub-District - Dharmapuri,Urban,113218,56760,56458,101782,51027,50755,9175,4647,4528,1979,948,1031,13,9,4,5,2,3,10,6,4,4,2,2,250,119,131
C0101,33,630,05888,643626,Hale-Dharmapuri (CT),Urban,4902,2521,2381,4872,2503,2369,17,10,7,10,6,4,0,0,0,0,0,0,0,0,0,0,0,0,3,2,1
C0101,33,630,05888,643627,Lakkiampatti (CT),Urban,39697,20148,19549,35846,18245,17601,2534,1277,1257,1290,612,678,1,0,1,0,0,0,5,3,2,2,1,1,19,10,9
C0101,33,630,05888,803948,Dharmapuri (M),Urban,68619,34091,34528,61064,30279,30785,6624,3360,3264,679,330,349,12,9,3,5,2,3,5,3,2,2,1,1,228,107,121
C0101,33,630,05889,000000,Sub-District - Pennagaram,Total,234853,123177,111676,231307,121342,109965,2714,1396,1318,665,354,311,18,10,8,4,3,1,3,2,1,16,11,5,126,59,67
C0101,33,630,05889,000000,Sub-District - Pennagaram,Rural,205199,108106,97093,204265,107607,96658,296,157,139,485,262,223,15,9,6,4,3,1,2,1,1,14,9,5,118,58,60
C0101,33,630,05889,000000,Sub-District - Pennagaram,Urban,29654,15071,14583,27042,13735,13307,2418,1239,1179,180,92,88,3,1,2,0,0,0,1,1,0,2,2,0,8,1,7
C0101,33,630,05889,803949,Papparapatti (TP),Urban,12174,6091,6083,11505,5754,5751,582,294,288,82,42,40,1,1,0,0,0,0,0,0,0,0,0,0,4,0,4
C0101,33,630,05889,803950,Pennagaram (TP),Urban,17480,8980,8500,15537,7981,7556,1836,945,891,98,50,48,2,0,2,0,0,0,1,1,0,2,2,0,4,1,3
C0101,33,631,00000,000000,District - Krishnagiri,Total,1879809,960232,919577,1723737,881396,842341,115303,58608,56695,35956,17832,18124,468,252,216,121,65,56,373,192,181,221,107,114,3630,1780,1850
C0101,33,631,00000,000000,District - Krishnagiri,Rural,1451446,742444,709002,1367670,700050,667620,61039,31125,29914,19064,9432,9632,245,130,115,82,42,40,97,46,51,150,73,77,3099,1546,1553
C0101,33,631,00000,000000,District - Krishnagiri,Urban,428363,217788,210575,356067,181346,174721,54264,27483,26781,16892,8400,8492,223,122,101,39,23,16,276,146,130,71,34,37,531,234,297
C0101,33,631,05890,000000,Sub-District - Hosur,Total,539663,277136,262527,491962,252968,238994,32284,16515,15769,14032,6989,7043,196,106,90,54,28,26,233,126,107,138,63,75,764,341,423
C0101,33,631,05890,000000,Sub-District - Hosur,Rural,310135,159142,150993,293249,150537,142712,13360,6894,6466,2971,1446,1525,83,46,37,21,8,13,22,12,10,99,45,54,330,154,176
C0101,33,631,05890,000000,Sub-District - Hosur,Urban,229528,117994,111534,198713,102431,96282,18924,9621,9303,11061,5543,5518,113,60,53,33,20,13,211,114,97,39,18,21,434,187,247
C0101,33,631,05890,643848,Zuzuvadi (CT),Urban,32474,17295,15179,30044,16057,13987,863,473,390,1499,732,767,14,10,4,1,1,0,26,12,14,0,0,0,27,10,17
C0101,33,631,05890,643849,Avalapalli (CT),Urban,17859,9135,8724,16228,8309,7919,919,448,471,669,353,316,2,1,1,2,2,0,16,10,6,2,1,1,21,11,10
C0101,33,631,05890,643850,Mookondapalli (CT),Urban,39245,20488,18757,35700,18708,16992,1107,558,549,2294,1147,1147,32,19,13,5,2,3,33,17,16,12,7,5,62,30,32
C0101,33,631,05890,803951,Hosur (M),Urban,116821,59351,57470,97727,49666,48061,13279,6763,6516,5253,2661,2592,64,30,34,22,15,7,132,73,59,23,10,13,321,133,188
C0101,33,631,05890,803952,Mathigiri (TP),Urban,23129,11725,11404,19014,9691,9323,2756,1379,1377,1346,650,696,1,0,1,3,0,3,4,2,2,2,0,2,3,3,0
C0101,33,631,05891,000000,Sub-District - Krishnagiri,Total,597071,300821,296250,535838,270122,265716,49129,24775,24354,11199,5469,5730,137,73,64,26,13,13,74,38,36,45,23,22,623,308,315
C0101,33,631,05891,000000,Sub-District - Krishnagiri,Rural,464232,234646,229586,432835,218892,213943,23721,11976,11745,6972,3430,3542,66,35,31,22,11,11,14,6,8,16,10,6,586,286,300
C0101,33,631,05891,000000,Sub-District - Krishnagiri,Urban,132839,66175,66664,103003,51230,51773,25408,12799,12609,4227,2039,2188,71,38,33,4,2,2,60,32,28,29,13,16,37,22,15
C0101,33,631,05891,643997,Venkatapuram (CT),Urban,7430,3745,3685,6159,3090,3069,1049,547,502,211,101,110,2,2,0,0,0,0,0,0,0,6,3,3,3,2,1
C0101,33,631,05891,643998,Kattiganapalli (CT),Urban,22714,11317,11397,17517,8755,8762,4117,2047,2070,1064,505,559,1,1,0,1,1,0,8,4,4,0,0,0,6,4,2
C0101,33,631,05891,803953,Bargur (TP),Urban,16366,8316,8050,15226,7751,7475,873,433,440,223,108,115,32,17,15,1,1,0,0,0,0,4,2,2,7,4,3
C0101,33,631,05891,803954,Krishnagiri (M),Urban,71323,35395,35928,50901,25136,25765,17614,8891,8723,2691,1308,1383,35,18,17,2,0,2,52,28,24,10,4,6,18,10,8
C0101,33,631,05891,803955,Kaveripattinam (TP),Urban,15006,7402,7604,13200,6498,6702,1755,881,874,38,17,21,1,0,1,0,0,0,0,0,0,9,4,5,3,2,1
C0101,33,631,05892,000000,Sub-District - Denkanikottai,Total,347474,178989,168485,317514,163674,153840,18787,9706,9081,9079,4548,4531,70,42,28,37,23,14,38,18,20,15,8,7,1934,970,964
C0101,33,631,05892,000000,Sub-District - Denkanikottai,Rural,309901,159980,149921,289480,149549,139931,10690,5549,5141,7711,3855,3856,41,25,16,36,22,14,35,18,17,15,8,7,1893,954,939
C0101,33,631,05892,000000,Sub-District - Denkanikottai,Urban,37573,19009,18564,28034,14125,13909,8097,4157,3940,1368,693,675,29,17,12,1,1,0,3,0,3,0,0,0,41,16,25
C0101,33,631,05892,803956,Kelamangalam (TP),Urban,13321,6684,6637,10706,5356,5350,2403,1212,1191,204,112,92,0,0,0,1,1,0,0,0,0,0,0,0,7,3,4
C0101,33,631,05892,803957,Denkanikottai (TP),Urban,24252,12325,11927,17328,8769,8559,5694,2945,2749,1164,581,583,29,17,12,0,0,0,3,0,3,0,0,0,34,13,21
C0101,33,631,05893,000000,Sub-District - Pochampalli,Total,182310,93602,88708,175814,90319,85495,5797,2939,2858,460,226,234,25,13,12,3,1,2,18,6,12,16,8,8,177,90,87
C0101,33,631,05893,000000,Sub-District - Pochampalli,Rural,172357,88413,83944,165928,85163,80765,5756,2919,2837,440,215,225,23,12,11,3,1,2,17,6,11,16,8,8,174,89,85
C0101,33,631,05893,000000,Sub-District - Pochampalli,Urban,9953,5189,4764,9886,5156,4730,41,20,21,20,11,9,2,1,1,0,0,0,1,0,1,0,0,0,3,1,2
C0101,33,631,05893,803958,Nagojanahalli (TP),Urban,9953,5189,4764,9886,5156,4730,41,20,21,20,11,9,2,1,1,0,0,0,1,0,1,0,0,0,3,1,2
C0101,33,631,05894,000000,Sub-District - Uthangarai,Total,213291,109684,103607,202609,104313,98296,9306,4673,4633,1186,600,586,40,18,22,1,0,1,10,4,6,7,5,2,132,71,61
C0101,33,631,05894,000000,Sub-District - Uthangarai,Rural,194821,100263,94558,186178,95909,90269,7512,3787,3725,970,486,484,32,12,20,0,0,0,9,4,5,4,2,2,116,63,53
C0101,33,631,05894,000000,Sub-District - Uthangarai,Urban,18470,9421,9049,16431,8404,8027,1794,886,908,216,114,102,8,6,2,1,0,1,1,0,1,3,3,0,16,8,8
C0101,33,631,05894,803959,Uthangarai (TP),Urban,18470,9421,9049,16431,8404,8027,1794,886,908,216,114,102,8,6,2,1,0,1,1,0,1,3,3,0,16,8,8
C0101,33,632,00000,000000,District - Coimbatore,Total,3458045,1729297,1728748,3044145,1524074,1520071,211035,105692,105343,190314,93494,96820,1112,619,493,435,229,206,3284,1669,1615,237,128,109,7483,3392,4091
C0101,33,632,00000,000000,District - Coimbatore,Rural,839105,419032,420073,810879,405017,405862,11574,5748,5826,14059,6992,7067,168,95,73,55,31,24,27,12,15,31,14,17,2312,1123,1189
C0101,33,632,00000,000000,District - Coimbatore,Urban,2618940,1310265,1308675,2233266,1119057,1114209,199461,99944,99517,176255,86502,89753,944,524,420,380,198,182,3257,1657,1600,206,114,92,5171,2269,2902
C0101,33,632,05895,000000,Sub-District - Mettupalayam,Total,260172,129447,130725,226114,112712,113402,23166,11432,11734,10096,4907,5189,48,20,28,14,5,9,115,53,62,43,24,19,576,294,282
C0101,33,632,05895,000000,Sub-District - Mettupalayam,Rural,137570,68643,68927,130435,65172,65263,3052,1501,1551,3582,1716,1866,25,10,15,6,2,4,7,3,4,4,2,2,459,237,222
C0101,33,632,05895,000000,Sub-District - Mettupalayam,Urban,122602,60804,61798,95679,47540,48139,20114,9931,10183,6514,3191,3323,23,10,13,8,3,5,108,50,58,39,22,17,117,57,60
C0101,33,632,05895,803960,Sirumugai (TP),Urban,18223,9015,9208,16948,8400,8548,642,306,336,576,279,297,1,0,1,0,0,0,1,1,0,0,0,0,55,29,26
C0101,33,632,05895,803961,Mettupalayam (M),Urban,69213,34232,34981,47925,23732,24193,17752,8748,9004,3350,1661,1689,13,7,6,3,1,2,106,49,57,33,19,14,31,15,16
C0101,33,632,05895,803962,Karamadai (TP),Urban,35166,17557,17609,30806,15408,15398,1720,877,843,2588,1251,1337,9,3,6,5,2,3,1,0,1,6,3,3,31,13,18
C0101,33,632,05896,000000,Sub-District - Sulur,Total,321051,161169,159882,300654,151097,149557,3992,2012,1980,14625,7291,7334,109,64,45,15,8,7,27,9,18,17,8,9,1612,680,932
C0101,33,632,05896,000000,Sub-District - Sulur,Rural,128472,64503,63969,123527,62057,61470,1903,953,950,2085,1057,1028,73,48,25,3,2,1,6,2,4,12,5,7,863,379,484
C0101,33,632,05896,000000,Sub-District - Sulur,Urban,192579,96666,95913,177127,89040,88087,2089,1059,1030,12540,6234,6306,36,16,20,12,6,6,21,7,14,5,3,2,749,301,448
C0101,33,632,05896,644400,Kaniyur (CT),Urban,12011,6028,5983,11184,5614,5570,88,44,44,737,369,368,1,1,0,1,0,1,0,0,0,0,0,0,0,0,0
C0101,33,632,05896,644401,Arasur (CT),Urban,11510,5798,5712,11083,5603,5480,28,13,15,294,147,147,1,0,1,0,0,0,0,0,0,0,0,0,104,35,69
C0101,33,632,05896,644402,K.Madapur (CT),Urban,5626,2832,2794,5444,2750,2694,23,10,13,104,48,56,0,0,0,0,0,0,0,0,0,0,0,0,55,24,31
C0101,33,632,05896,644403,Muthugoundam Pudur (CT),Urban,10259,5274,4985,9749,5023,4726,69,37,32,317,168,149,5,2,3,0,0,0,4,1,3,0,0,0,115,43,72
C0101,33,632,05896,644404,Neelambur (CT),Urban,8382,4109,4273,8121,3990,4131,45,21,24,200,89,111,0,0,0,0,0,0,1,0,1,0,0,0,15,9,6
C0101,33,632,05896,644405,Chinniam palayam (CT),Urban,8232,4192,4040,7783,3963,3820,79,44,35,367,184,183,1,0,1,1,0,1,0,0,0,0,0,0,1,1,0
C0101,33,632,05896,644406,Pattanam (CT),Urban,9196,4681,4515,8703,4436,4267,58,30,28,396,201,195,0,0,0,1,1,0,1,0,1,0,0,0,37,13,24
C0101,33,632,05896,803963,Mopperipalayam (TP),Urban,10923,5485,5438,10595,5321,5274,48,28,20,260,125,135,0,0,0,0,0,0,7,4,3,0,0,0,13,7,6
C0101,33,632,05896,803964,Karumathampatti (TP),Urban,35062,17593,17469,29509,14858,14651,490,258,232,4995,2446,2549,9,3,6,2,1,1,2,1,1,4,3,1,51,23,28
C0101,33,632,05896,803965,Irugur (TP),Urban,25691,12909,12782,24038,12067,11971,167,77,90,1397,725,672,12,7,5,4,2,2,3,1,2,1,0,1,69,30,39
C0101,33,632,05896,803966,Sulur (TP),Urban,27909,13835,14074,24938,12383,12555,849,430,419,1927,947,980,4,1,3,2,1,1,2,0,2,0,0,0,187,73,114
C0101,33,632,05896,803967,Pallapalayam (TP),Urban,11910,5993,5917,11352,5709,5643,79,32,47,458,242,216,2,2,0,0,0,0,0,0,0,0,0,0,19,8,11
C0101,33,632,05896,803968,Kannampalayam (TP),Urban,15868,7937,7931,14628,7323,7305,66,35,31,1088,543,545,1,0,1,1,1,0,1,0,1,0,0,0,83,35,48
C0101,33,632,05897,000000,Sub-District - Coimbatore North,Total,637389,320620,316769,591500,297752,293748,11858,5983,5875,32357,16038,16319,233,134,99,74,39,35,72,34,38,33,19,14,1262,621,641
C0101,33,632,05897,000000,Sub-District - Coimbatore North,Rural,169265,84785,84480,165398,82827,82571,999,514,485,2621,1315,1306,42,17,25,2,2,0,0,0,0,1,1,0,202,109,93
C0101,33,632,05897,000000,Sub-District - Coimbatore North,Urban,468124,235835,232289,426102,214925,211177,10859,5469,5390,29736,14723,15013,191,117,74,72,37,35,72,34,38,32,18,14,1060,512,548
C0101,33,632,05897,644442,Kurudampalayam (CT),Urban,18749,10025,8724,17459,9314,8145,355,207,148,873,464,409,15,11,4,1,1,0,5,5,0,0,0,0,41,23,18
C0101,33,632,05897,644443,Ashokapuram (CT),Urban,12993,6446,6547,11327,5660,5667,455,217,238,1203,565,638,2,2,0,2,0,2,0,0,0,2,1,1,2,1,1
C0101,33,632,05897,644444,Chinnathadagam (CT),Urban,8407,4152,4255,8154,4026,4128,34,19,15,201,97,104,2,1,1,0,0,0,2,1,1,4,2,2,10,6,4
C0101,33,632,05897,644445,Vilankurichi (CT),Urban,24235,12171,12064,21230,10684,10546,406,203,203,2557,1268,1289,4,2,2,5,2,3,2,1,1,0,0,0,31,11,20
C0101,33,632,05897,644446,Somayampalayam (CT),Urban,14787,7416,7371,13739,6890,6849,266,142,124,659,336,323,4,1,3,2,2,0,1,0,1,0,0,0,116,45,71
C0101,33,632,05897,803969,Annur (TP),Urban,20079,9971,10108,17795,8840,8955,1434,719,715,779,372,407,1,1,0,3,2,1,4,2,2,0,0,0,63,35,28
C0101,33,632,05897,803970,Veerapandi (TP),Urban,16953,8475,8478,15195,7628,7567,234,120,114,1496,711,785,3,1,2,3,2,1,2,1,1,0,0,0,20,12,8
C0101,33,632,05897,803971,Gudalur (TP),Urban,38859,19707,19152,36516,18520,17996,471,242,229,1778,901,877,11,4,7,4,1,3,5,3,2,5,3,2,69,33,36
C0101,33,632,05897,803972,Periyanaicken-palayam (TP),Urban,25930,13010,12920,23801,11957,11844,544,275,269,1548,762,786,1,0,1,1,0,1,0,0,0,0,0,0,35,16,19
C0101,33,632,05897,803973,Idikarai (TP),Urban,8686,4372,4314,8405,4230,4175,53,25,28,192,97,95,3,1,2,2,1,1,0,0,0,0,0,0,31,18,13
C0101,33,632,05897,803974,Sarcarsamakulam (TP),Urban,10289,5122,5167,9687,4816,4871,187,91,96,395,200,195,1,1,0,1,1,0,0,0,0,0,0,0,18,13,5
C0101,33,632,05897,803975,Narasimhanaicken-palayam (TP),Urban,17858,8934,8924,16827,8435,8392,206,94,112,781,380,401,17,10,7,0,0,0,0,0,0,1,1,0,26,14,12
C0101,33,632,05897,803976,Kalapatti (TP),Urban,39586,19936,19650,36742,18535,18207,472,237,235,2192,1076,1116,30,21,9,6,5,1,3,1,2,3,1,2,138,60,78
C0101,33,632,05897,803977,Saravanampatti (TP),Urban,32920,16507,16413,29842,14994,14848,513,254,259,2529,1240,1289,8,7,1,1,1,0,2,0,2,0,0,0,25,11,14
C0101,33,632,05897,803978,Vellakinar (TP),Urban,15998,8023,7975,14670,7345,7325,234,112,122,1057,547,510,10,7,3,1,1,0,0,0,0,0,0,0,26,11,15
C0101,33,632,05897,803979,Thudiyalur (TP),Urban,33924,17109,16815,30368,15321,15047,989,487,502,2460,1247,1213,37,24,13,1,1,0,14,6,8,6,3,3,49,20,29
C0101,33,632,05897,803980,Chinnavedampatti (TP),Urban,20122,10258,9864,18884,9618,9266,223,120,103,985,501,484,4,1,3,1,0,1,2,1,1,6,4,2,17,13,4
C0101,33,632,05897,803981,Goundampalayam (M),Urban,83908,42351,41557,73177,37021,36156,3488,1762,1726,6822,3361,3461,36,21,15,34,16,18,26,10,16,5,3,2,320,157,163
C0101,33,632,05897,803982,Veerakeralam (TP),Urban,23841,11850,11991,22284,11091,11193,295,143,152,1229,598,631,2,1,1,4,1,3,4,3,1,0,0,0,23,13,10
C0101,33,632,05898,000000,Sub-District - Coimbatore South,Total,1592646,797022,795624,1333252,668161,665091,140467,70719,69748,111478,54561,56917,613,343,270,270,141,129,3045,1560,1485,119,62,57,3402,1475,1927
C0101,33,632,05898,000000,Sub-District - Coimbatore South,Rural,82321,41133,41188,79032,39440,39592,331,178,153,2533,1308,1225,8,6,2,4,2,2,7,4,3,1,0,1,405,195,210
C0101,33,632,05898,000000,Sub-District - Coimbatore South,Urban,1510325,755889,754436,1254220,628721,625499,140136,70541,69595,108945,53253,55692,605,337,268,266,139,127,3038,1556,1482,118,62,56,2997,1280,1717
C0101,33,632,05898,644473,Perur Chettipalayam (CT),Urban,17809,8891,8918,16981,8489,8492,194,93,101,617,300,317,1,0,1,1,1,0,3,2,1,0,0,0,12,6,6
C0101,33,632,05898,644474,Malumichampatti (CT),Urban,12936,6568,6368,11441,5818,5623,298,138,160,1163,591,572,10,6,4,2,1,1,0,0,0,3,3,0,19,11,8
C0101,33,632,05898,803983,Vadavalli (TP),Urban,39873,19936,19937,37129,18597,18532,522,263,259,2058,1000,1058,16,8,8,1,0,1,16,9,7,0,0,0,131,59,72
C0101,33,632,05898,803984,Coimbatore (M Corp.),Urban,1050721,526163,524558,875370,439120,436250,90670,45722,44948,79162,38611,40551,481,263,218,223,119,104,2978,1528,1450,99,52,47,1738,748,990
C0101,33,632,05898,803985,Thondamuthur (TP),Urban,11492,5572,5920,10956,5294,5662,165,81,84,367,194,173,0,0,0,0,0,0,0,0,0,0,0,0,4,3,1
C0101,33,632,05898,803986,Dhaliyur (TP),Urban,11500,5758,5742,11063,5521,5542,145,99,46,271,127,144,1,1,0,0,0,0,0,0,0,0,0,0,20,10,10
C0101,33,632,05898,803987,Vedapatti (TP),Urban,11658,5758,5900,11085,5479,5606,97,57,40,411,196,215,0,0,0,1,0,1,0,0,0,0,0,0,64,26,38
C0101,33,632,05898,803988,Vellalur (TP),Urban,24872,12794,12078,23751,12210,11541,189,98,91,898,462,436,12,11,1,3,2,1,0,0,0,1,0,1,18,11,7
C0101,33,632,05898,803989,Kurichi (M),Urban,123667,61815,61852,85291,42803,42488,24276,12183,12093,13462,6573,6889,52,26,26,13,6,7,17,6,11,9,4,5,547,214,333
C0101,33,632,05898,803990,Kuniyamuthur (M),Urban,95924,47944,47980,69096,34523,34573,20001,10049,9952,6666,3292,3374,11,7,4,12,4,8,23,11,12,6,3,3,109,55,54
C0101,33,632,05898,803991,Perur (TP),Urban,8004,4010,3994,7901,3965,3936,33,15,18,64,24,40,3,3,0,0,0,0,0,0,0,0,0,0,3,3,0
C0101,33,632,05898,803992,Thenkarai (TP),Urban,7349,3657,3692,7245,3600,3645,8,7,1,88,46,42,3,2,1,0,0,0,0,0,0,0,0,0,5,2,3
C0101,33,632,05898,803993,Pooluvapatti (TP),Urban,12853,6386,6467,12456,6190,6266,97,45,52,282,135,147,1,1,0,1,1,0,0,0,0,0,0,0,16,14,2
C0101,33,632,05898,803994,Alanthurai (TP),Urban,7221,3547,3674,7020,3445,3575,52,29,23,125,61,64,0,0,0,1,1,0,0,0,0,0,0,0,23,11,12
C0101,33,632,05898,803995,Chettipalayam (TP),Urban,10366,5268,5098,10029,5102,4927,79,39,40,252,124,128,0,0,0,0,0,0,1,0,1,0,0,0,5,3,2
C0101,33,632,05898,803996,Madukkarai (TP),Urban,30357,15084,15273,25044,12523,12521,2981,1456,1525,2098,1018,1080,8,6,2,1,0,1,0,0,0,0,0,0,225,81,144
C0101,33,632,05898,803997,Ettimadai (TP),Urban,9352,4676,4676,8743,4360,4383,245,122,123,353,188,165,0,0,0,6,4,2,0,0,0,0,0,0,5,2,3
C0101,33,632,05898,803998,Othakalmandapam (TP),Urban,12207,6028,6179,11787,5828,5959,39,17,22,339,166,173,1,0,1,0,0,0,0,0,0,0,0,0,41,17,24
C0101,33,632,05898,803999,Thirumalayampalayam (TP),Urban,12164,6034,6130,11832,5854,5978,45,28,17,269,145,124,5,3,2,1,0,1,0,0,0,0,0,0,12,4,8
C0101,33,632,05899,000000,Sub-District - Pollachi,Total,575928,285835,290093,533922,265167,268755,29094,14296,14798,12188,5992,6196,97,53,44,53,30,23,22,12,10,24,14,10,528,271,257
C0101,33,632,05899,000000,Sub-District - Pollachi,Rural,321477,159968,161509,312487,155521,156966,5289,2602,2687,3238,1596,1642,20,14,6,40,23,17,7,3,4,13,6,7,383,203,180
C0101,33,632,05899,000000,Sub-District - Pollachi,Urban,254451,125867,128584,221435,109646,111789,23805,11694,12111,8950,4396,4554,77,39,38,13,7,6,15,9,6,11,8,3,145,68,77
C0101,33,632,05899,644591,Koil palayam (CT),Urban,5025,2505,2520,4244,2123,2121,676,332,344,100,48,52,0,0,0,0,0,0,0,0,0,0,0,0,5,2,3
C0101,33,632,05899,644592,Achipatti (CT),Urban,9849,4876,4973,8988,4448,4540,340,169,171,506,250,256,1,1,0,1,1,0,0,0,0,2,2,0,11,5,6
C0101,33,632,05899,644593,Chinnampalayam (CT),Urban,8695,4289,4406,7541,3734,3807,561,276,285,583,277,306,1,0,1,1,1,0,0,0,0,0,0,0,8,1,7
C0101,33,632,05899,644594,Makkinampatti (CT),Urban,8134,4017,4117,7420,3665,3755,359,182,177,355,170,185,0,0,0,0,0,0,0,0,0,0,0,0,0,0,0
C0101,33,632,05899,804000,Kinathukadavu (TP),Urban,8653,4271,4382,7970,3934,4036,198,103,95,480,229,251,1,1,0,0,0,0,0,0,0,0,0,0,4,4,0
C0101,33,632,05899,804001,Periya Negamam (TP),Urban,7098,3546,3552,6927,3465,3462,69,31,38,100,50,50,1,0,1,0,0,0,0,0,0,0,0,0,1,0,1
C0101,33,632,05899,804002,Pollachi (M),Urban,90180,44813,45367,75605,37559,38046,10601,5294,5307,3825,1880,1945,55,31,24,7,5,2,11,7,4,5,3,2,71,34,37
C0101,33,632,05899,804003,Zamin Uthukuli (TP),Urban,16354,8144,8210,14727,7346,7381,1199,581,618,421,215,206,0,0,0,0,0,0,1,0,1,0,0,0,6,2,4
C0101,33,632,05899,804004,Suleeswaranpatti (TP),Urban,20104,10039,10065,15384,7682,7702,3587,1789,1798,1126,564,562,1,0,1,0,0,0,0,0,0,0,0,0,6,4,2
C0101,33,632,05899,804005,Samathur (TP),Urban,5762,2846,2916,5642,2794,2848,40,19,21,77,33,44,0,0,0,0,0,0,1,0,1,0,0,0,2,0,2
C0101,33,632,05899,804006,Anaimalai (TP),Urban,17208,8279,8929,12837,6201,6636,4175,1988,2187,173,82,91,14,5,9,0,0,0,0,0,0,0,0,0,9,3,6
C0101,33,632,05899,804007,Odaiyakulam (TP),Urban,13370,6584,6786,13131,6456,6675,101,53,48,130,69,61,1,1,0,0,0,0,0,0,0,4,3,1,3,2,1
C0101,33,632,05899,804008,Vettaikaranpudur (TP),Urban,17392,8553,8839,16706,8239,8467,505,229,276,172,81,91,2,0,2,2,0,2,2,2,0,0,0,0,3,2,1
C0101,33,632,05899,804009,Kottur (TP),Urban,26627,13105,13522,24313,12000,12313,1394,648,746,902,448,454,0,0,0,2,0,2,0,0,0,0,0,0,16,9,7
C0101,33,632,05900,000000,Sub-District - Valparai,Total,70859,35204,35655,58703,29185,29518,2458,1250,1208,9570,4705,4865,12,5,7,9,6,3,3,1,2,1,1,0,103,51,52
C0101,33,632,05900,000000,Sub-District - Valparai,Rural,0,0,0,0,0,0,0,0,0,0,0,0,0,0,0,0,0,0,0,0,0,0,0,0,0,0,0
C0101,33,632,05900,000000,Sub-District - Valparai,Urban,70859,35204,35655,58703,29185,29518,2458,1250,1208,9570,4705,4865,12,5,7,9,6,3,3,1,2,1,1,0,103,51,52
C0101,33,632,05900,804010,Valparai (M),Urban,70859,35204,35655,58703,29185,29518,2458,1250,1208,9570,4705,4865,12,5,7,9,6,3,3,1,2,1,1,0,103,51,52
C0101,33,633,00000,000000,District - Tiruppur,Total,2479052,1246159,1232893,2278835,1146733,1132102,123983,61835,62148,70015,34509,35506,455,282,173,198,109,89,371,195,176,119,62,57,5076,2434,2642
C0101,33,633,00000,000000,District - Tiruppur,Rural,957941,479309,478632,924970,463026,461944,13877,6871,7006,16586,8160,8426,113,70,43,40,31,9,21,15,6,26,14,12,2308,1122,1186
C0101,33,633,00000,000000,District - Tiruppur,Urban,1521111,766850,754261,1353865,683707,670158,110106,54964,55142,53429,26349,27080,342,212,130,158,78,80,350,180,170,93,48,45,2768,1312,1456
C0101,33,633,05901,000000,Sub-District - Kangeyam,Total,209385,104751,104634,200989,100676,100313,2726,1388,1338,4216,2046,2170,33,19,14,10,5,5,4,0,4,3,1,2,1404,616,788
C0101,33,633,05901,000000,Sub-District - Kangeyam,Rural,123667,61824,61843,120386,60263,60123,318,155,163,2029,995,1034,13,8,5,2,1,1,0,0,0,1,1,0,918,401,517
C0101,33,633,05901,000000,Sub-District - Kangeyam,Urban,85718,42927,42791,80603,40413,40190,2408,1233,1175,2187,1051,1136,20,11,9,8,4,4,4,0,4,2,0,2,486,215,271
C0101,33,633,05901,804011,Muthur (TP),Urban,13212,6588,6624,13034,6495,6539,37,21,16,115,60,55,0,0,0,0,0,0,0,0,0,0,0,0,26,12,14
C0101,33,633,05901,804012,Kangeyam (TP),Urban,32147,16181,15966,28565,14407,14158,1999,1034,965,1258,597,661,8,7,1,5,4,1,3,0,3,2,0,2,307,132,175
C0101,33,633,05901,804013,Vellakoil (M),Urban,40359,20158,20201,39004,19511,19493,372,178,194,814,394,420,12,4,8,3,0,3,1,0,1,0,0,0,153,71,82
C0101,33,633,05902,000000,Sub-District - Dharapuram,Total,282752,140576,142176,261824,130320,131504,13865,6805,7060,6061,2936,3125,36,20,16,3,1,2,6,1,5,4,3,1,953,490,463
C0101,33,633,05902,000000,Sub-District - Dharapuram,Rural,170965,85519,85446,166051,83157,82894,2206,1024,1182,2074,985,1089,21,13,8,0,0,0,2,1,1,2,2,0,609,337,272
C0101,33,633,05902,000000,Sub-District - Dharapuram,Urban,111787,55057,56730,95773,47163,48610,11659,5781,5878,3987,1951,2036,15,7,8,3,1,2,4,0,4,2,1,1,344,153,191
C0101,33,633,05902,804014,Rudravathi (TP),Urban,6807,3440,3367,6710,3388,3322,15,7,8,69,40,29,3,1,2,0,0,0,1,0,1,0,0,0,9,4,5
C0101,33,633,05902,804015,Kannivadi (TP),Urban,4385,2138,2247,4347,2123,2224,0,0,0,37,15,22,0,0,0,0,0,0,0,0,0,0,0,0,1,0,1
C0101,33,633,05902,804016,Mulanur (TP),Urban,15223,7544,7679,14928,7399,7529,64,39,25,200,92,108,10,5,5,1,0,1,1,0,1,0,0,0,19,9,10
C0101,33,633,05902,804017,Kolathupalayam (TP),Urban,17819,8770,9049,15519,7639,7880,2135,1057,1078,143,63,80,0,0,0,0,0,0,1,0,1,2,1,1,19,10,9
C0101,33,633,05902,804018,Dharapuram (M),Urban,56007,27393,28614,43191,21075,22116,9389,4650,4739,3217,1585,1632,2,1,1,1,1,0,1,0,1,0,0,0,206,81,125
C0101,33,633,05902,804019,Chinnakkampalayam (TP),Urban,11546,5772,5774,11078,5539,5539,56,28,28,321,156,165,0,0,0,1,0,1,0,0,0,0,0,0,90,49,41
C0101,33,633,05903,000000,Sub-District - Avanashi,Total,340899,169340,171559,326042,162059,163983,5938,2951,2987,8344,4043,4301,56,29,27,18,12,6,2,2,0,11,6,5,488,238,250
C0101,33,633,05903,000000,Sub-District - Avanashi,Rural,196776,98134,98642,191337,95472,95865,1255,623,632,3842,1871,1971,30,16,14,3,1,2,2,2,0,8,4,4,299,145,154
C0101,33,633,05903,000000,Sub-District - Avanashi,Urban,144123,71206,72917,134705,66587,68118,4683,2328,2355,4502,2172,2330,26,13,13,15,11,4,0,0,0,3,2,1,189,93,96
C0101,33,633,05903,644772,Vellaravalli (CT),Urban,5070,2533,2537,5005,2503,2502,20,11,9,34,15,19,0,0,0,0,0,0,0,0,0,0,0,0,11,4,7
C0101,33,633,05903,644773,Perumanallur (CT),Urban,7356,3740,3616,6894,3506,3388,95,51,44,365,183,182,0,0,0,0,0,0,0,0,0,0,0,0,2,0,2
C0101,33,633,05903,644774,Palangarai (CT),Urban,17248,8774,8474,16373,8365,8008,217,107,110,631,290,341,6,3,3,0,0,0,0,0,0,0,0,0,21,9,12
C0101,33,633,05903,644775,Sembianallur (CT),Urban,7586,3781,3805,7298,3634,3664,54,26,28,230,119,111,1,0,1,0,0,0,0,0,0,0,0,0,3,2,1
C0101,33,633,05903,644776,Velayudampalayam (CT),Urban,9192,4592,4600,8676,4342,4334,281,131,150,227,115,112,3,1,2,0,0,0,0,0,0,0,0,0,5,3,2
C0101,33,633,05903,644777,Chengappalli (CT),Urban,6587,3325,3262,6494,3279,3215,18,8,10,59,28,31,2,1,1,0,0,0,0,0,0,0,0,0,14,9,5
C0101,33,633,05903,644778,Morattupalayam (CT),Urban,5798,2900,2898,5675,2837,2838,24,13,11,89,43,46,3,3,0,0,0,0,0,0,0,0,0,0,7,4,3
C0101,33,633,05903,644779,Sircar Periapalayam (CT),Urban,5986,2977,3009,5661,2816,2845,107,48,59,214,110,104,1,1,0,0,0,0,0,0,0,0,0,0,3,2,1
C0101,33,633,05903,804020,Kunnathur (TP),Urban,8774,4342,4432,8408,4150,4258,143,73,70,179,95,84,3,1,2,0,0,0,0,0,0,1,1,0,40,22,18
C0101,33,633,05903,804021,Avanashi (TP),Urban,28868,13266,15602,26587,12183,14404,1146,593,553,1088,471,617,0,0,0,3,2,1,0,0,0,0,0,0,44,17,27
C0101,33,633,05903,804022,Thirumuruganpoondi (TP),Urban,31528,15949,15579,28590,14471,14119,1676,838,838,1229,622,607,4,2,2,7,6,1,0,0,0,2,1,1,20,9,11
C0101,33,633,05903,804023,Uthukuli (TP),Urban,10130,5027,5103,9044,4501,4543,902,429,473,157,81,76,3,1,2,5,3,2,0,0,0,0,0,0,19,12,7
C0101,33,633,05904,000000,Sub-District - Tiruppur,Total,981247,499437,481810,871329,444385,426944,72917,36580,36337,34851,17386,17465,257,161,96,103,53,50,333,176,157,60,34,26,1397,662,735
C0101,33,633,05904,000000,Sub-District - Tiruppur,Rural,64322,32601,31721,60720,30806,29914,1432,718,714,2070,1029,1041,8,4,4,1,1,0,1,1,0,0,0,0,90,42,48
C0101,33,633,05904,000000,Sub-District - Tiruppur,Urban,916925,466836,450089,810609,413579,397030,71485,35862,35623,32781,16357,16424,249,157,92,102,52,50,332,175,157,60,34,26,1307,620,687
C0101,33,633,05904,644790,Kanakkampalayam (CT),Urban,12160,6074,6086,11468,5734,5734,415,202,213,266,133,133,6,4,2,0,0,0,0,0,0,0,0,0,5,1,4
C0101,33,633,05904,644791,Neripperichal (CT),Urban,53579,27129,26450,49166,24948,24218,2831,1392,1439,1517,754,763,11,7,4,0,0,0,0,0,0,1,0,1,53,28,25
C0101,33,633,05904,644792,Chettipalayam (CT),Urban,37620,19072,18548,34569,17538,17031,1933,972,961,1052,530,522,30,15,15,0,0,0,1,1,0,0,0,0,35,16,19
C0101,33,633,05904,644793,Thottipalayam (CT),Urban,40503,20573,19930,37639,19160,18479,1110,541,569,1725,853,872,6,4,2,3,1,2,5,3,2,0,0,0,15,11,4
C0101,33,633,05904,644794,Mannarai (CT),Urban,17261,8797,8464,16174,8255,7919,381,194,187,698,343,355,4,3,1,0,0,0,0,0,0,1,1,0,3,1,2
C0101,33,633,05904,644795,Mangalam (CT),Urban,17699,8847,8852,10297,5192,5105,6805,3355,3450,579,292,287,1,1,0,11,5,6,0,0,0,0,0,0,6,2,4
C0101,33,633,05904,644796,Andipalayam (CT),Urban,25539,12773,12766,24019,12022,11997,349,184,165,899,424,475,6,3,3,3,2,1,0,0,0,1,1,0,262,137,125
C0101,33,633,05904,644797,Iduvai (CT),Urban,8006,3984,4022,7410,3702,3708,80,35,45,496,237,259,0,0,0,6,3,3,0,0,0,0,0,0,14,7,7
C0101,33,633,05904,644798,Muruganpalayam (CT),Urban,26349,13438,12911,25116,12827,12289,468,229,239,725,366,359,3,2,1,3,1,2,1,0,1,0,0,0,33,13,20
C0101,33,633,05904,644799,Muthanampalayam (CT),Urban,26014,13208,12806,24585,12493,12092,523,266,257,894,443,451,3,2,1,2,1,1,1,1,0,0,0,0,6,2,4
C0101,33,633,05904,644800,Veerapandi (CT),Urban,50301,25600,24701,47095,24000,23095,1030,517,513,2142,1061,1081,2,1,1,4,2,2,0,0,0,1,1,0,27,18,9
C0101,33,633,05904,804024,Velampalayam (M),Urban,87427,44353,43074,80748,41041,39707,2860,1406,1454,3681,1835,1846,17,12,5,12,4,8,4,2,2,2,0,2,103,53,50
C0101,33,633,05904,804025,S.Nallur (M),Urban,70115,35677,34438,59963,30578,29385,6668,3372,3296,3329,1658,1671,10,10,0,4,0,4,13,7,6,1,1,0,127,51,76
C0101,33,633,05904,804026,Tiruppur (M Corp.),Urban,444352,227311,217041,382360,196089,186271,46032,23197,22835,14778,7428,7350,150,93,57,54,33,21,307,161,146,53,30,23,618,280,338
C0101,33,633,05905,000000,Sub-District - Palladam,Total,245522,123576,121946,228183,114900,113283,7144,3603,3541,9856,4875,4981,22,19,3,20,8,12,11,7,4,21,9,12,265,155,110
C0101,33,633,05905,000000,Sub-District - Palladam,Rural,139360,69911,69449,132539,66445,66094,2525,1301,1224,4114,2065,2049,14,12,2,9,4,5,7,4,3,5,3,2,147,77,70
C0101,33,633,05905,000000,Sub-District - Palladam,Urban,106162,53665,52497,95644,48455,47189,4619,2302,2317,5742,2810,2932,8,7,1,11,4,7,4,3,1,16,6,10,118,78,40
C0101,33,633,05905,644826,Karaipudur (CT),Urban,28602,14808,13794,26633,13807,12826,654,343,311,1275,631,644,3,2,1,9,3,6,0,0,0,0,0,0,28,22,6
C0101,33,633,05905,644827,Manickapuram (CT),Urban,6215,3150,3065,5494,2800,2694,469,218,251,250,130,120,1,1,0,0,0,0,0,0,0,0,0,0,1,1,0
C0101,33,633,05905,644828,Semmipalayam (CT),Urban,8429,4285,4144,7910,3996,3914,156,98,58,354,184,170,1,1,0,0,0,0,0,0,0,0,0,0,8,6,2
C0101,33,633,05905,804027,Samalapuram (TP),Urban,20691,10404,10287,18967,9553,9414,86,45,41,1586,774,812,1,1,0,0,0,0,0,0,0,6,2,4,45,29,16
C0101,33,633,05905,804028,Palladam (M),Urban,42225,21018,21207,36640,18299,18341,3254,1598,1656,2277,1091,1186,2,2,0,2,1,1,4,3,1,10,4,6,36,20,16
C0101,33,633,05906,000000,Sub-District - Udumalaipettai,Total,237861,118141,119720,219425,109157,110268,13055,6382,6673,4871,2343,2528,41,29,12,33,23,10,12,7,5,7,3,4,417,197,220
C0101,33,633,05906,000000,Sub-District - Udumalaipettai,Rural,132190,66124,66066,128760,64414,64346,1955,958,997,1309,656,653,20,14,6,21,21,0,7,6,1,2,0,2,116,55,61
C0101,33,633,05906,000000,Sub-District - Udumalaipettai,Urban,105671,52017,53654,90665,44743,45922,11100,5424,5676,3562,1687,1875,21,15,6,12,2,10,5,1,4,5,3,2,301,142,159
C0101,33,633,05906,644879,Periakottai (CT),Urban,17356,8845,8511,15477,7921,7556,1254,630,624,606,282,324,8,5,3,0,0,0,0,0,0,5,3,2,6,4,2
C0101,33,633,05906,644880,Kanakkampalayam (CT),Urban,16459,8191,8268,14786,7375,7411,896,453,443,763,357,406,2,2,0,2,0,2,4,1,3,0,0,0,6,3,3
C0101,33,633,05906,644881,Poolankinar (CT),Urban,4849,2103,2746,4696,2052,2644,30,14,16,118,34,84,3,3,0,1,0,1,0,0,0,0,0,0,1,0,1
C0101,33,633,05906,804029,Udumalaipettai  (M),Urban,61133,29958,31175,50025,24564,25461,8857,4301,4556,1952,955,997,5,4,1,9,2,7,1,0,1,0,0,0,284,132,152
C0101,33,633,05906,804030,Dhali (TP),Urban,5874,2920,2954,5681,2831,2850,63,26,37,123,59,64,3,1,2,0,0,0,0,0,0,0,0,0,4,3,1
C0101,33,633,05907,000000,Sub-District - Madathukulam,Total,181386,90338,91048,171043,85236,85807,8338,4126,4212,1816,880,936,10,5,5,11,7,4,3,2,1,13,6,7,152,76,76
C0101,33,633,05907,000000,Sub-District - Madathukulam,Rural,130661,65196,65465,125177,62469,62708,4186,2092,2094,1148,559,589,7,3,4,4,3,1,2,1,1,8,4,4,129,65,64
C0101,33,633,05907,000000,Sub-District - Madathukulam,Urban,50725,25142,25583,45866,22767,23099,4152,2034,2118,668,321,347,3,2,1,7,4,3,1,1,0,5,2,3,23,11,12
C0101,33,633,05907,804031,Kaniyur (TP),Urban,6180,3008,3172,4879,2398,2481,1249,588,661,45,17,28,0,0,0,0,0,0,1,1,0,0,0,0,6,4,2
C0101,33,633,05907,804032,Madathukulam (TP),Urban,20620,10198,10422,18737,9269,9468,1358,675,683,507,247,260,3,2,1,1,0,1,0,0,0,4,1,3,10,4,6
C0101,33,633,05907,804033,Komaralingam (TP),Urban,13642,6791,6851,12412,6176,6236,1141,570,571,80,39,41,0,0,0,6,4,2,0,0,0,1,1,0,2,1,1
C0101,33,633,05907,804034,Sankaramanallur (TP),Urban,10283,5145,5138,9838,4924,4914,404,201,203,36,18,18,0,0,0,0,0,0,0,0,0,0,0,0,5,2,3
