Table Name,State Code,District Code,Tehsil Code,Area Name,Total/ Rural/ Urban,Age-group,Total - Persons,Total - Males,Total - Females,Religious communities - Hindu - Persons,Religious communities - Hindu - Males,Religious communities - Hindu - Females,Religious communities - Muslim - Persons,Religious communities - Muslim - Males,Religious communities - Muslim - Females,Religious communities - Christian - Persons,Religious communities - Christian - Males,Religious communities - Christian - Females,Religious communities - Sikh - Persons,Religious communities - Sikh - Males,Religious communities - Sikh - Females,Religious communities - Buddhist - Persons,Religious communities - Buddhist - Males,Religious communities - Buddhist - Females,Religious communities - Jain - Persons,Religious communities - Jain - Males,Religious communities - Jain - Females,Religious communities - Other religious communities - Persons,Religious communities - Other religious communities - Males,Religious communities - Other religious communities - Females
C4415,33,00,0000,State - TAMIL NADU  33,Total,All ages,62405679,31400909,31004770,54985079,27732367,27252712,3470647,1718511,1752136,3785060,1864044,1921016,9545,5515,4030,5393,2887,2506,83359,43114,40245,7252,3854,3398
C4415,33,00,0000,State - TAMIL NADU  33,Total,0-4,5098462,2619883,2478579,4472774,2301236,2171538,315123,161063,154060,297918,151003,146915,676,362,314,447,221,226,6192,3264,2928,578,298,280
C4415,33,00,0000,State - TAMIL NADU  33,Total,5-9,5600086,2875394,2724692,4924901,2532278,2392623,342058,173760,168298,319214,162024,157190,762,384,378,506,281,225,6915,3643,3272,574,298,276
C4415,33,00,0000,State - TAMIL NADU  33,Total,10-14,6012326,3086803,2925523,5263020,2707377,2555643,370674,188092,182582,362876,182940,179936,715,409,306,557,287,270,7533,3939,3594,630,319,311
C4415,33,00,0000,State - TAMIL NADU  33,Total,15-19,6183767,3135595,3048172,5384250,2744803,2639447,394971,192666,202305,388886,189894,198992,820,485,335,521,289,232,7753,4071,3682,659,385,274
C4415,33,00,0000,State - TAMIL NADU  33,Total,20-24,5801384,2872914,2928470,5051035,2510211,2540824,362820,176215,186605,370647,177848,192799,1013,596,417,609,327,282,8981,4635,4346,836,468,368
C4415,33,00,0000,State - TAMIL NADU  33,Total,25-29,5719070,2732907,2986163,5032885,2410593,2622292,323834,151746,172088,347141,162878,184263,1028,605,423,511,264,247,8365,4276,4089,715,361,354
C4415,33,00,0000,State - TAMIL NADU  33,Total,30-34,4687799,2344412,2343387,4133922,2072839,2061083,251651,123762,127889,289412,141219,148193,877,512,365,435,222,213,7161,3622,3539,611,328,283
C4415,33,00,0000,State - TAMIL NADU  33,Total,35-39,4919080,2396927,2522153,4370773,2131530,2239243,250889,120837,130052,285500,138440,147060,762,451,311,409,221,188,6495,3386,3109,559,285,274
C4415,33,00,0000,State - TAMIL NADU  33,Total,40-44,3786341,1978669,1807672,3363144,1762967,1600177,184542,95152,89390,229467,115698,113769,643,372,271,291,169,122,5032,2625,2407,414,229,185
C4415,33,00,0000,State - TAMIL NADU  33,Total,45-49,3610873,1842970,1767903,3211610,1642850,1568760,172182,86969,85213,218847,108841,110006,579,352,227,262,143,119,4442,2288,2154,382,209,173
C4415,33,00,0000,State - TAMIL NADU  33,Total,50-54,2817473,1452890,1364583,2502985,1292564,1210421,132443,68209,64234,175447,88629,86818,444,291,153,230,139,91,3461,1829,1632,319,167,152
C4415,33,00,0000,State - TAMIL NADU  33,Total,55-59,2232676,1101957,1130719,1986255,980451,1005804,103164,50909,52255,138140,67983,70157,333,202,131,129,72,57,2745,1386,1359,265,141,124
C4415,33,00,0000,State - TAMIL NADU  33,Total,60-64,2049791,1019088,1030703,1835394,914055,921339,89720,43912,45808,120099,58789,61310,251,145,106,115,64,51,2331,1178,1153,210,104,106
C4415,33,00,0000,State - TAMIL NADU  33,Total,65-69,1374926,663631,711295,1222591,590919,631672,61517,29735,31782,87369,41237,46132,167,97,70,92,45,47,1957,989,968,166,81,85
C4415,33,00,0000,State - TAMIL NADU  33,Total,70-74,1030919,520254,510665,921349,466687,454662,44430,21366,23064,62731,31004,31727,114,53,61,65,30,35,1284,641,643,109,59,50
C4415,33,00,0000,State - TAMIL NADU  33,Total,75-79,498560,261694,236866,442775,233475,209300,20502,10221,10281,33940,17328,16612,62,31,31,35,16,19,767,364,403,68,37,31
C4415,33,00,0000,State - TAMIL NADU  33,Total,80+,553204,271133,282071,492572,243022,249550,24890,10835,14055,34227,16517,17710,93,58,35,60,37,23,752,355,397,80,40,40
C4415,33,00,0000,State - TAMIL NADU  33,Total,Age not stated,428942,223788,205154,372844,194510,178334,25237,13062,12175,23199,11772,11427,206,110,96,119,60,59,1193,623,570,77,45,32
C4415,33,00,0000,State - TAMIL NADU  33,Rural,All ages,34921681,17531494,17390187,32278444,16239650,16038794,944810,455057,489753,1649722,811549,838173,2338,1367,971,1135,603,532,10932,5474,5458,1925,1066,859
C4415,33,00,0000,State - TAMIL NADU  33,Rural,0-4,2999803,1548451,1451352,2767331,1429718,1337613,91330,46610,44720,137283,70129,67154,190,99,91,120,56,64,654,346,308,157,84,73
C4415,33,00,0000,State - TAMIL NADU  33,Rural,5-9,3305549,1704477,1601072,3053184,1576289,1476895,98696,50027,48669,149573,76046,73527,208,98,110,110,65,45,685,360,325,188,107,81
C4415,33,00,0000,State - TAMIL NADU  33,Rural,10-14,3476580,1791785,1684795,3201233,1651994,1549239,104415,52575,51840,166276,84658,81618,194,116,78,110,53,57,762,397,365,203,105,98
C4415,33,00,0000,State - TAMIL NADU  33,Rural,15-19,3477060,1771011,1706049,3189519,1631088,1558431,107690,51888,55802,175219,85539,89680,197,117,80,97,58,39,838,419,419,218,133,85
C4415,33,00,0000,State - TAMIL NADU  33,Rural,20-24,3104691,1551058,1553633,2849037,1427907,1421130,93859,44635,49224,157243,76197,81046,209,126,83,124,63,61,1027,504,523,203,117,86
C4415,33,00,0000,State - TAMIL NADU  33,Rural,25-29,3053491,1452229,1601262,2824826,1346547,1478279,82188,36704,45484,142596,67041,75555,225,133,92,105,57,48,986,515,471,165,83,82
C4415,33,00,0000,State - TAMIL NADU  33,Rural,30-34,2463318,1214333,1248985,2280428,1127245,1153183,63390,29439,33951,116319,56034,60285,191,123,68,80,39,41,769,400,369,153,90,63
C4415,33,00,0000,State - TAMIL NADU  33,Rural,35-39,2698598,1290675,1407923,2510669,1202539,1308130,65375,29608,35767,119346,56967,62379,177,107,70,76,43,33,739,369,370,127,64,63
C4415,33,00,0000,State - TAMIL NADU  33,Rural,40-44,2059525,1062501,997024,1913881,990694,923187,48141,23381,24760,94989,47125,47864,167,103,64,57,33,24,652,318,334,93,49,44
C4415,33,00,0000,State - TAMIL NADU  33,Rural,45-49,2024247,1013197,1011050,1881974,944257,937717,46614,22274,24340,93171,45414,47757,151,96,55,54,26,28,680,310,370,77,42,35
C4415,33,00,0000,State - TAMIL NADU  33,Rural,50-54,1577965,798431,779534,1465127,743097,722030,36656,17727,18929,74145,36594,37551,92,61,31,42,20,22,595,283,312,73,42,31
C4415,33,00,0000,State - TAMIL NADU  33,Rural,55-59,1295258,632403,662855,1201547,587314,614233,29581,14024,15557,62389,30224,32165,91,51,40,33,18,15,572,254,318,82,39,43
C4415,33,00,0000,State - TAMIL NADU  33,Rural,60-64,1215578,603028,612550,1131428,562438,568990,27018,12654,14364,55342,27034,28308,75,45,30,31,18,13,579,279,300,61,32,29
C4415,33,00,0000,State - TAMIL NADU  33,Rural,65-69,804288,389510,414778,744262,360976,383286,18392,8622,9770,40399,19307,21092,48,24,24,21,14,7,491,239,252,43,24,19
C4415,33,00,0000,State - TAMIL NADU  33,Rural,70-74,609388,313218,296170,565480,291425,274055,13566,6437,7129,29378,14849,14529,32,15,17,21,8,13,381,203,178,30,19,11
C4415,33,00,0000,State - TAMIL NADU  33,Rural,75-79,281505,151331,130174,259872,140143,119729,6150,3068,3082,15004,7853,7151,18,11,7,5,4,1,227,120,107,17,13,4
C4415,33,00,0000,State - TAMIL NADU  33,Rural,80+,311989,158757,153232,288601,147576,141025,7478,3246,4232,15337,7630,7707,32,19,13,18,10,8,217,119,98,21,14,7
C4415,33,00,0000,State - TAMIL NADU  33,Rural,Age not stated,162848,85099,77749,150045,78403,71642,4271,2138,2133,5713,2908,2805,41,23,18,31,18,13,78,39,39,14,9,5
C4415,33,00,0000,State - TAMIL NADU  33,Urban,All ages,27483998,13869415,13614583,22706635,11492717,11213918,2525837,1263454,1262383,2135338,1052495,1082843,7207,4148,3059,4258,2284,1974,72427,37640,34787,5327,2788,2539
C4415,33,00,0000,State - TAMIL NADU  33,Urban,0-4,2098659,1071432,1027227,1705443,871518,833925,223793,114453,109340,160635,80874,79761,486,263,223,327,165,162,5538,2918,2620,421,214,207
C4415,33,00,0000,State - TAMIL NADU  33,Urban,5-9,2294537,1170917,1123620,1871717,955989,915728,243362,123733,119629,169641,85978,83663,554,286,268,396,216,180,6230,3283,2947,386,191,195
C4415,33,00,0000,State - TAMIL NADU  33,Urban,10-14,2535746,1295018,1240728,2061787,1055383,1006404,266259,135517,130742,196600,98282,98318,521,293,228,447,234,213,6771,3542,3229,427,214,213
C4415,33,00,0000,State - TAMIL NADU  33,Urban,15-19,2706707,1364584,1342123,2194731,1113715,1081016,287281,140778,146503,213667,104355,109312,623,368,255,424,231,193,6915,3652,3263,441,252,189
C4415,33,00,0000,State - TAMIL NADU  33,Urban,20-24,2696693,1321856,1374837,2201998,1082304,1119694,268961,131580,137381,213404,101651,111753,804,470,334,485,264,221,7954,4131,3823,633,351,282
C4415,33,00,0000,State - TAMIL NADU  33,Urban,25-29,2665579,1280678,1384901,2208059,1064046,1144013,241646,115042,126604,204545,95837,108708,803,472,331,406,207,199,7379,3761,3618,550,278,272
C4415,33,00,0000,State - TAMIL NADU  33,Urban,30-34,2224481,1130079,1094402,1853494,945594,907900,188261,94323,93938,173093,85185,87908,686,389,297,355,183,172,6392,3222,3170,458,238,220
C4415,33,00,0000,State - TAMIL NADU  33,Urban,35-39,2220482,1106252,1114230,1860104,928991,931113,185514,91229,94285,166154,81473,84681,585,344,241,333,178,155,5756,3017,2739,432,221,211
C4415,33,00,0000,State - TAMIL NADU  33,Urban,40-44,1726816,916168,810648,1449263,772273,676990,136401,71771,64630,134478,68573,65905,476,269,207,234,136,98,4380,2307,2073,321,180,141
C4415,33,00,0000,State - TAMIL NADU  33,Urban,45-49,1586626,829773,756853,1329636,698593,631043,125568,64695,60873,125676,63427,62249,428,256,172,208,117,91,3762,1978,1784,305,167,138
C4415,33,00,0000,State - TAMIL NADU  33,Urban,50-54,1239508,654459,585049,1037858,549467,488391,95787,50482,45305,101302,52035,49267,352,230,122,188,119,69,2866,1546,1320,246,125,121
C4415,33,00,0000,State - TAMIL NADU  33,Urban,55-59,937418,469554,467864,784708,393137,391571,73583,36885,36698,75751,37759,37992,242,151,91,96,54,42,2173,1132,1041,183,102,81
C4415,33,00,0000,State - TAMIL NADU  33,Urban,60-64,834213,416060,418153,703966,351617,352349,62702,31258,31444,64757,31755,33002,176,100,76,84,46,38,1752,899,853,149,72,77
C4415,33,00,0000,State - TAMIL NADU  33,Urban,65-69,570638,274121,296517,478329,229943,248386,43125,21113,22012,46970,21930,25040,119,73,46,71,31,40,1466,750,716,123,57,66
C4415,33,00,0000,State - TAMIL NADU  33,Urban,70-74,421531,207036,214495,355869,175262,180607,30864,14929,15935,33353,16155,17198,82,38,44,44,22,22,903,438,465,79,40,39
C4415,33,00,0000,State - TAMIL NADU  33,Urban,75-79,217055,110363,106692,182903,93332,89571,14352,7153,7199,18936,9475,9461,44,20,24,30,12,18,540,244,296,51,24,27
C4415,33,00,0000,State - TAMIL NADU  33,Urban,80+,241215,112376,128839,203971,95446,108525,17412,7589,9823,18890,8887,10003,61,39,22,42,27,15,535,236,299,59,26,33
C4415,33,00,0000,State - TAMIL NADU  33,Urban,Age not stated,266094,138689,127405,222799,116107,106692,20966,10924,10042,17486,8864,8622,165,87,78,88,42,46,1115,584,531,63,36,27
C4415,33,01,0000,District - Thiruvallur  01,Total,All ages,2754756,1397407,1357349,2476438,1256699,1219739,99408,50321,49087,169719,85560,84159,847,475,372,486,268,218,3928,2081,1847,452,248,204
C4415,33,01,0000,District - Thiruvallur  01,Total,0-4,231935,118396,113539,208017,106197,101820,9159,4659,4500,13968,7125,6843,65,38,27,55,34,21,347,186,161,37,24,13
C4415,33,01,0000,District - Thiruvallur  01,Total,5-9,248920,126498,122422,224085,113751,110334,9741,4959,4782,14254,7295,6959,75,43,32,63,38,25,360,221,139,37,23,14
C4415,33,01,0000,District - Thiruvallur  01,Total,10-14,267528,136805,130723,240171,122771,117400,10488,5354,5134,15956,8192,7764,72,42,30,42,15,27,398,203,195,39,22,17
C4415,33,01,0000,District - Thiruvallur  01,Total,15-19,272269,140107,132162,244023,125903,118120,10971,5492,5479,16434,8258,8176,76,42,34,46,30,16,360,189,171,33,20,13
C4415,33,01,0000,District - Thiruvallur  01,Total,20-24,281817,140622,141195,251937,126125,125812,11094,5371,5723,17861,8663,9198,85,43,42,35,16,19,438,236,202,49,24,25
C4415,33,01,0000,District - Thiruvallur  01,Total,25-29,279201,135920,143281,250334,122001,128333,9988,4905,5083,17924,8540,9384,78,43,35,51,26,25,437,210,227,52,29,23
C4415,33,01,0000,District - Thiruvallur  01,Total,30-34,221196,114161,107035,198414,102650,95764,7564,3857,3707,14416,7239,7177,72,34,38,50,28,22,360,194,166,46,23,23
C4415,33,01,0000,District - Thiruvallur  01,Total,35-39,222713,111041,111672,200802,100153,100649,7500,3700,3800,13695,6818,6877,87,51,36,44,22,22,315,160,155,44,25,19
C4415,33,01,0000,District - Thiruvallur  01,Total,40-44,166370,89182,77188,150130,80635,69495,5361,2879,2482,10374,5413,4961,54,26,28,25,14,11,224,125,99,28,15,13
C4415,33,01,0000,District - Thiruvallur  01,Total,45-49,151342,79480,71862,136251,71594,64657,5004,2647,2357,9672,5014,4658,47,31,16,25,19,6,173,91,82,24,12,12
C4415,33,01,0000,District - Thiruvallur  01,Total,50-54,117063,61388,55675,105247,54977,50270,3690,2026,1664,7781,4187,3594,49,33,16,14,9,5,138,80,58,14,11,3
C4415,33,01,0000,District - Thiruvallur  01,Total,55-59,83711,42247,41464,75456,37880,37576,2722,1446,1276,5277,2791,2486,37,24,13,6,2,4,124,59,65,14,8,6
C4415,33,01,0000,District - Thiruvallur  01,Total,60-64,77871,37799,40072,71005,34304,36701,2167,1112,1055,4475,2280,2195,18,10,8,12,6,6,96,45,51,17,4,13
C4415,33,01,0000,District - Thiruvallur  01,Total,65-69,48046,22637,25409,43647,20519,23128,1449,684,765,2788,1352,1436,14,7,7,7,3,4,74,41,33,9,3,6
C4415,33,01,0000,District - Thiruvallur  01,Total,70-74,36391,17349,19042,33432,15860,17572,949,490,459,1931,960,971,5,4,1,5,2,3,33,18,15,2,2,0
C4415,33,01,0000,District - Thiruvallur  01,Total,75-79,16872,8442,8430,15325,7689,7636,452,209,243,1054,528,526,3,0,3,1,1,0,25,10,15,2,1,1
C4415,33,01,0000,District - Thiruvallur  01,Total,80+,19071,8944,10127,17383,8201,9182,528,223,305,1098,491,607,7,3,4,4,2,2,20,9,11,4,2,2
C4415,33,01,0000,District - Thiruvallur  01,Total,Age not stated,12440,6389,6051,10779,5489,5290,581,308,273,761,414,347,3,1,2,1,1,0,6,4,2,1,0,1
C4415,33,01,0000,District - Thiruvallur  01,Rural,All ages,1254674,629052,625622,1178891,591170,587721,23558,11799,11759,50101,24912,25189,148,86,62,141,82,59,436,232,204,111,67,44
C4415,33,01,0000,District - Thiruvallur  01,Rural,0-4,111758,56932,54826,104588,53282,51306,2525,1272,1253,4447,2271,2176,23,15,8,26,15,11,47,24,23,10,7,3
C4415,33,01,0000,District - Thiruvallur  01,Rural,5-9,122403,62235,60168,114975,58434,56541,2647,1364,1283,4542,2291,2251,11,4,7,13,8,5,54,38,16,13,8,5
C4415,33,01,0000,District - Thiruvallur  01,Rural,10-14,129423,65926,63497,121343,61788,59555,2607,1323,1284,5237,2674,2563,13,6,7,10,5,5,32,14,18,9,6,3
C4415,33,01,0000,District - Thiruvallur  01,Rural,15-19,127042,65496,61546,119001,61368,57633,2575,1311,1264,5275,2715,2560,10,4,6,9,7,2,35,17,18,7,4,3
C4415,33,01,0000,District - Thiruvallur  01,Rural,20-24,120996,60427,60569,113083,56687,56396,2492,1185,1307,5242,2469,2773,16,10,6,12,5,7,49,24,25,11,6,5
C4415,33,01,0000,District - Thiruvallur  01,Rural,25-29,119531,57619,61912,112260,54124,58136,2170,1082,1088,4905,2310,2595,18,13,5,17,9,8,49,25,24,14,10,4
C4415,33,01,0000,District - Thiruvallur  01,Rural,30-34,92332,46768,45564,86755,44008,42747,1607,797,810,3830,1888,1942,9,4,5,12,8,4,40,23,17,8,4,4
C4415,33,01,0000,District - Thiruvallur  01,Rural,35-39,99298,48288,51010,93489,45495,47994,1738,799,939,3923,1907,2016,17,13,4,14,9,5,25,14,11,12,8,4
C4415,33,01,0000,District - Thiruvallur  01,Rural,40-44,72701,38687,34014,68524,36488,32036,1192,650,542,2866,1490,1376,5,2,3,7,5,2,31,15,16,6,4,2
C4415,33,01,0000,District - Thiruvallur  01,Rural,45-49,67857,34844,33013,63942,32802,31140,1150,615,535,2668,1374,1294,5,4,1,5,2,3,20,12,8,4,2,2
C4415,33,01,0000,District - Thiruvallur  01,Rural,50-54,52581,26271,26310,49599,24673,24926,806,430,376,2101,1121,980,5,2,3,4,3,1,14,9,5,2,2,0
C4415,33,01,0000,District - Thiruvallur  01,Rural,55-59,38985,18690,20295,36839,17667,19172,665,327,338,1427,664,763,4,3,1,2,1,1,13,6,7,3,0,3
C4415,33,01,0000,District - Thiruvallur  01,Rural,60-64,38931,18019,20912,37013,17103,19910,507,243,264,1355,644,711,4,3,1,4,2,2,13,7,6,3,2,1
C4415,33,01,0000,District - Thiruvallur  01,Rural,65-69,22662,10261,12401,21429,9707,11722,343,148,195,854,391,463,2,0,2,1,0,1,6,1,5,5,1,4
C4415,33,01,0000,District - Thiruvallur  01,Rural,70-74,18024,8550,9474,17137,8123,9014,220,106,114,644,308,336,2,2,0,2,1,1,4,2,2,1,1,0
C4415,33,01,0000,District - Thiruvallur  01,Rural,75-79,7488,3832,3656,7084,3621,3463,109,55,54,287,152,135,1,0,1,1,1,0,3,1,2,1,1,0
C4415,33,01,0000,District - Thiruvallur  01,Rural,80+,8756,4242,4514,8308,4040,4268,110,47,63,326,149,177,3,1,2,1,0,1,1,0,1,1,1,0
C4415,33,01,0000,District - Thiruvallur  01,Rural,Age not stated,3906,1965,1941,3522,1760,1762,95,45,50,172,94,78,0,0,0,1,1,0,0,0,0,1,0,1
C4415,33,01,0000,District - Thiruvallur  01,Urban,All ages,1500082,768355,731727,1297547,665529,632018,75850,38522,37328,119618,60648,58970,699,389,310,345,186,159,3492,1849,1643,341,181,160
C4415,33,01,0000,District - Thiruvallur  01,Urban,0-4,120177,61464,58713,103429,52915,50514,6634,3387,3247,9521,4854,4667,42,23,19,29,19,10,300,162,138,27,17,10
C4415,33,01,0000,District - Thiruvallur  01,Urban,5-9,126517,64263,62254,109110,55317,53793,7094,3595,3499,9712,5004,4708,64,39,25,50,30,20,306,183,123,24,15,9
C4415,33,01,0000,District - Thiruvallur  01,Urban,10-14,138105,70879,67226,118828,60983,57845,7881,4031,3850,10719,5518,5201,59,36,23,32,10,22,366,189,177,30,16,14
C4415,33,01,0000,District - Thiruvallur  01,Urban,15-19,145227,74611,70616,125022,64535,60487,8396,4181,4215,11159,5543,5616,66,38,28,37,23,14,325,172,153,26,16,10
C4415,33,01,0000,District - Thiruvallur  01,Urban,20-24,160821,80195,80626,138854,69438,69416,8602,4186,4416,12619,6194,6425,69,33,36,23,11,12,389,212,177,38,18,20
C4415,33,01,0000,District - Thiruvallur  01,Urban,25-29,159670,78301,81369,138074,67877,70197,7818,3823,3995,13019,6230,6789,60,30,30,34,17,17,388,185,203,38,19,19
C4415,33,01,0000,District - Thiruvallur  01,Urban,30-34,128864,67393,61471,111659,58642,53017,5957,3060,2897,10586,5351,5235,63,30,33,38,20,18,320,171,149,38,19,19
C4415,33,01,0000,District - Thiruvallur  01,Urban,35-39,123415,62753,60662,107313,54658,52655,5762,2901,2861,9772,4911,4861,70,38,32,30,13,17,290,146,144,32,17,15
C4415,33,01,0000,District - Thiruvallur  01,Urban,40-44,93669,50495,43174,81606,44147,37459,4169,2229,1940,7508,3923,3585,49,24,25,18,9,9,193,110,83,22,11,11
C4415,33,01,0000,District - Thiruvallur  01,Urban,45-49,83485,44636,38849,72309,38792,33517,3854,2032,1822,7004,3640,3364,42,27,15,20,17,3,153,79,74,20,10,10
C4415,33,01,0000,District - Thiruvallur  01,Urban,50-54,64482,35117,29365,55648,30304,25344,2884,1596,1288,5680,3066,2614,44,31,13,10,6,4,124,71,53,12,9,3
C4415,33,01,0000,District - Thiruvallur  01,Urban,55-59,44726,23557,21169,38617,20213,18404,2057,1119,938,3850,2127,1723,33,21,12,4,1,3,111,53,58,11,8,3
C4415,33,01,0000,District - Thiruvallur  01,Urban,60-64,38940,19780,19160,33992,17201,16791,1660,869,791,3120,1636,1484,14,7,7,8,4,4,83,38,45,14,2,12
C4415,33,01,0000,District - Thiruvallur  01,Urban,65-69,25384,12376,13008,22218,10812,11406,1106,536,570,1934,961,973,12,7,5,6,3,3,68,40,28,4,2,2
C4415,33,01,0000,District - Thiruvallur  01,Urban,70-74,18367,8799,9568,16295,7737,8558,729,384,345,1287,652,635,3,2,1,3,1,2,29,16,13,1,1,0
C4415,33,01,0000,District - Thiruvallur  01,Urban,75-79,9384,4610,4774,8241,4068,4173,343,154,189,767,376,391,2,0,2,0,0,0,22,9,13,1,0,1
C4415,33,01,0000,District - Thiruvallur  01,Urban,80+,10315,4702,5613,9075,4161,4914,418,176,242,772,342,430,4,2,2,3,2,1,19,9,10,3,1,2
C4415,33,01,0000,District - Thiruvallur  01,Urban,Age not stated,8534,4424,4110,7257,3729,3528,486,263,223,589,320,269,3,1,2,0,0,0,6,4,2,0,0,0
C4415,33,02,0000,District - Chennai  02,Total,All ages,4343645,2219539,2124106,3573356,1825973,1747383,379206,197287,181919,331261,165252,166009,2470,1403,1067,1891,1019,872,45611,23642,21969,1819,918,901
C4415,33,02,0000,District - Chennai  02,Total,0-4,299356,151721,147635,242801,122932,119869,28894,14893,14001,23237,11646,11591,147,74,73,142,68,74,3441,1787,1654,113,54,59
C4415,33,02,0000,District - Chennai  02,Total,5-9,333997,169413,164584,271653,137565,134088,32337,16568,15769,25001,12653,12348,162,82,80,157,90,67,3808,2001,1807,138,61,77
C4415,33,02,0000,District - Chennai  02,Total,10-14,380997,194521,186476,309637,158089,151548,37497,19352,18145,28443,14278,14165,166,90,76,164,96,68,4231,2213,2018,158,76,82
C4415,33,02,0000,District - Chennai  02,Total,15-19,410863,210259,200604,333005,170485,162520,41759,21625,20134,30443,15214,15229,231,142,89,160,84,76,4384,2322,2062,141,72,69
C4415,33,02,0000,District - Chennai  02,Total,20-24,452191,224627,227564,368534,183167,185367,42930,21949,20981,34205,16209,17996,263,148,115,222,112,110,5052,2583,2469,185,97,88
C4415,33,02,0000,District - Chennai  02,Total,25-29,444743,220147,224596,365617,181104,184513,38694,19631,19063,34347,16298,18049,275,167,108,183,93,90,4750,2425,2325,184,94,90
C4415,33,02,0000,District - Chennai  02,Total,30-34,366428,191662,174766,302837,158538,144299,29611,15775,13836,28956,14785,14171,215,113,102,167,88,79,3981,2007,1974,163,86,77
C4415,33,02,0000,District - Chennai  02,Total,35-39,345832,176036,169796,286727,146042,140685,28402,14660,13742,26188,12981,13207,183,102,81,149,86,63,3551,1852,1699,170,80,90
C4415,33,02,0000,District - Chennai  02,Total,40-44,268168,143967,124201,222758,119667,103091,20930,11421,9509,20968,11018,9950,156,89,67,123,72,51,2760,1442,1318,126,75,51
C4415,33,02,0000,District - Chennai  02,Total,45-49,236945,126188,110757,196907,105173,91734,18565,9954,8611,18519,9492,9027,156,84,72,93,51,42,2354,1242,1112,95,57,38
C4415,33,02,0000,District - Chennai  02,Total,50-54,190198,101818,88380,157643,84246,73397,14725,8089,6636,15488,8239,7249,140,85,55,95,60,35,1795,945,850,93,47,46
C4415,33,02,0000,District - Chennai  02,Total,55-59,134810,68722,66088,112189,56826,55363,10617,5678,4939,10295,5283,5012,87,55,32,47,30,17,1335,726,609,65,34,31
C4415,33,02,0000,District - Chennai  02,Total,60-64,124970,62277,62693,105342,52397,52945,9128,4737,4391,9171,4457,4714,66,42,24,29,16,13,1055,540,515,39,20,19
C4415,33,02,0000,District - Chennai  02,Total,65-69,88377,43241,45136,74356,36320,38036,6208,3230,2978,6630,3084,3546,46,31,15,41,18,23,908,464,444,49,21,28
C4415,33,02,0000,District - Chennai  02,Total,70-74,63406,31637,31769,53853,26801,27052,4188,2177,2011,4632,2299,2333,35,16,19,19,9,10,551,282,269,27,10,17
C4415,33,02,0000,District - Chennai  02,Total,75-79,34395,17527,16868,29277,14969,14308,2002,1053,949,2665,1307,1358,18,10,8,16,5,11,324,141,183,19,10,9
C4415,33,02,0000,District - Chennai  02,Total,80+,39678,18780,20898,33769,16001,17768,2508,1187,1321,2883,1343,1540,25,20,5,17,9,8,353,161,192,22,9,13
C4415,33,02,0000,District - Chennai  02,Total,Age not stated,128291,66996,61295,106451,55651,50800,10211,5308,4903,9190,4666,4524,99,53,46,67,32,35,978,509,469,32,15,17
C4415,33,02,0000,District - Chennai  02,Rural,All ages,0,0,0,0,0,0,0,0,0,0,0,0,0,0,0,0,0,0,0,0,0,0,0,0
C4415,33,02,0000,District - Chennai  02,Rural,0-4,0,0,0,0,0,0,0,0,0,0,0,0,0,0,0,0,0,0,0,0,0,0,0,0
C4415,33,02,0000,District - Chennai  02,Rural,5-9,0,0,0,0,0,0,0,0,0,0,0,0,0,0,0,0,0,0,0,0,0,0,0,0
C4415,33,02,0000,District - Chennai  02,Rural,10-14,0,0,0,0,0,0,0,0,0,0,0,0,0,0,0,0,0,0,0,0,0,0,0,0
C4415,33,02,0000,District - Chennai  02,Rural,15-19,0,0,0,0,0,0,0,0,0,0,0,0,0,0,0,0,0,0,0,0,0,0,0,0
C4415,33,02,0000,District - Chennai  02,Rural,20-24,0,0,0,0,0,0,0,0,0,0,0,0,0,0,0,0,0,0,0,0,0,0,0,0
C4415,33,02,0000,District - Chennai  02,Rural,25-29,0,0,0,0,0,0,0,0,0,0,0,0,0,0,0,0,0,0,0,0,0,0,0,0
C4415,33,02,0000,District - Chennai  02,Rural,30-34,0,0,0,0,0,0,0,0,0,0,0,0,0,0,0,0,0,0,0,0,0,0,0,0
C4415,33,02,0000,District - Chennai  02,Rural,35-39,0,0,0,0,0,0,0,0,0,0,0,0,0,0,0,0,0,0,0,0,0,0,0,0
C4415,33,02,0000,District - Chennai  02,Rural,40-44,0,0,0,0,0,0,0,0,0,0,0,0,0,0,0,0,0,0,0,0,0,0,0,0
C4415,33,02,0000,District - Chennai  02,Rural,45-49,0,0,0,0,0,0,0,0,0,0,0,0,0,0,0,0,0,0,0,0,0,0,0,0
C4415,33,02,0000,District - Chennai  02,Rural,50-54,0,0,0,0,0,0,0,0,0,0,0,0,0,0,0,0,0,0,0,0,0,0,0,0
C4415,33,02,0000,District - Chennai  02,Rural,55-59,0,0,0,0,0,0,0,0,0,0,0,0,0,0,0,0,0,0,0,0,0,0,0,0
C4415,33,02,0000,District - Chennai  02,Rural,60-64,0,0,0,0,0,0,0,0,0,0,0,0,0,0,0,0,0,0,0,0,0,0,0,0
C4415,33,02,0000,District - Chennai  02,Rural,65-69,0,0,0,0,0,0,0,0,0,0,0,0,0,0,0,0,0,0,0,0,0,0,0,0
C4415,33,02,0000,District - Chennai  02,Rural,70-74,0,0,0,0,0,0,0,0,0,0,0,0,0,0,0,0,0,0,0,0,0,0,0,0
C4415,33,02,0000,District - Chennai  02,Rural,75-79,0,0,0,0,0,0,0,0,0,0,0,0,0,0,0,0,0,0,0,0,0,0,0,0
C4415,33,02,0000,District - Chennai  02,Rural,80+,0,0,0,0,0,0,0,0,0,0,0,0,0,0,0,0,0,0,0,0,0,0,0,0
C4415,33,02,0000,District - Chennai  02,Rural,Age not stated,0,0,0,0,0,0,0,0,0,0,0,0,0,0,0,0,0,0,0,0,0,0,0,0
C4415,33,02,0000,District - Chennai  02,Urban,All ages,4343645,2219539,2124106,3573356,1825973,1747383,379206,197287,181919,331261,165252,166009,2470,1403,1067,1891,1019,872,45611,23642,21969,1819,918,901
C4415,33,02,0000,District - Chennai  02,Urban,0-4,299356,151721,147635,242801,122932,119869,28894,14893,14001,23237,11646,11591,147,74,73,142,68,74,3441,1787,1654,113,54,59
C4415,33,02,0000,District - Chennai  02,Urban,5-9,333997,169413,164584,271653,137565,134088,32337,16568,15769,25001,12653,12348,162,82,80,157,90,67,3808,2001,1807,138,61,77
C4415,33,02,0000,District - Chennai  02,Urban,10-14,380997,194521,186476,309637,158089,151548,37497,19352,18145,28443,14278,14165,166,90,76,164,96,68,4231,2213,2018,158,76,82
C4415,33,02,0000,District - Chennai  02,Urban,15-19,410863,210259,200604,333005,170485,162520,41759,21625,20134,30443,15214,15229,231,142,89,160,84,76,4384,2322,2062,141,72,69
C4415,33,02,0000,District - Chennai  02,Urban,20-24,452191,224627,227564,368534,183167,185367,42930,21949,20981,34205,16209,17996,263,148,115,222,112,110,5052,2583,2469,185,97,88
C4415,33,02,0000,District - Chennai  02,Urban,25-29,444743,220147,224596,365617,181104,184513,38694,19631,19063,34347,16298,18049,275,167,108,183,93,90,4750,2425,2325,184,94,90
C4415,33,02,0000,District - Chennai  02,Urban,30-34,366428,191662,174766,302837,158538,144299,29611,15775,13836,28956,14785,14171,215,113,102,167,88,79,3981,2007,1974,163,86,77
C4415,33,02,0000,District - Chennai  02,Urban,35-39,345832,176036,169796,286727,146042,140685,28402,14660,13742,26188,12981,13207,183,102,81,149,86,63,3551,1852,1699,170,80,90
C4415,33,02,0000,District - Chennai  02,Urban,40-44,268168,143967,124201,222758,119667,103091,20930,11421,9509,20968,11018,9950,156,89,67,123,72,51,2760,1442,1318,126,75,51
C4415,33,02,0000,District - Chennai  02,Urban,45-49,236945,126188,110757,196907,105173,91734,18565,9954,8611,18519,9492,9027,156,84,72,93,51,42,2354,1242,1112,95,57,38
C4415,33,02,0000,District - Chennai  02,Urban,50-54,190198,101818,88380,157643,84246,73397,14725,8089,6636,15488,8239,7249,140,85,55,95,60,35,1795,945,850,93,47,46
C4415,33,02,0000,District - Chennai  02,Urban,55-59,134810,68722,66088,112189,56826,55363,10617,5678,4939,10295,5283,5012,87,55,32,47,30,17,1335,726,609,65,34,31
C4415,33,02,0000,District - Chennai  02,Urban,60-64,124970,62277,62693,105342,52397,52945,9128,4737,4391,9171,4457,4714,66,42,24,29,16,13,1055,540,515,39,20,19
C4415,33,02,0000,District - Chennai  02,Urban,65-69,88377,43241,45136,74356,36320,38036,6208,3230,2978,6630,3084,3546,46,31,15,41,18,23,908,464,444,49,21,28
C4415,33,02,0000,District - Chennai  02,Urban,70-74,63406,31637,31769,53853,26801,27052,4188,2177,2011,4632,2299,2333,35,16,19,19,9,10,551,282,269,27,10,17
C4415,33,02,0000,District - Chennai  02,Urban,75-79,34395,17527,16868,29277,14969,14308,2002,1053,949,2665,1307,1358,18,10,8,16,5,11,324,141,183,19,10,9
C4415,33,02,0000,District - Chennai  02,Urban,80+,39678,18780,20898,33769,16001,17768,2508,1187,1321,2883,1343,1540,25,20,5,17,9,8,353,161,192,22,9,13
C4415,33,02,0000,District - Chennai  02,Urban,Age not stated,128291,66996,61295,106451,55651,50800,10211,5308,4903,9190,4666,4524,99,53,46,67,32,35,978,509,469,32,15,17
C4415,33,03,0000,District - Kancheepuram  03,Total,All ages,2877468,1457242,1420226,2583590,1308703,1274887,113666,57977,55689,170416,85317,85099,811,509,302,521,275,246,3954,2041,1913,831,421,410
C4415,33,03,0000,District - Kancheepuram  03,Total,0-4,236095,120307,115788,211576,107851,103725,9995,5100,4895,13743,6972,6771,50,29,21,40,18,22,324,166,158,90,43,47
C4415,33,03,0000,District - Kancheepuram  03,Total,5-9,260981,132376,128605,234351,118789,115562,10877,5581,5296,14858,7549,7309,68,32,36,57,29,28,343,168,175,74,40,34
C4415,33,03,0000,District - Kancheepuram  03,Total,10-14,285982,145933,140049,257016,131089,125927,11855,6129,5726,16139,8162,7977,46,28,18,75,35,40,354,185,169,79,39,40
C4415,33,03,0000,District - Kancheepuram  03,Total,15-19,292030,148879,143151,260966,133059,127907,12949,6520,6429,16959,8593,8366,49,28,21,59,32,27,366,199,167,74,40,34
C4415,33,03,0000,District - Kancheepuram  03,Total,20-24,288917,145143,143774,257122,129542,127580,12826,6424,6402,17769,8552,9217,146,102,44,72,40,32,442,227,215,96,42,54
C4415,33,03,0000,District - Kancheepuram  03,Total,25-29,278989,135359,143630,249131,121019,128112,11316,5493,5823,17576,8344,9232,111,76,35,59,34,25,424,215,209,83,41,42
C4415,33,03,0000,District - Kancheepuram  03,Total,30-34,221418,113751,107667,198080,101947,96133,8653,4403,4250,13937,7017,6920,98,62,36,33,15,18,355,180,175,72,37,35
C4415,33,03,0000,District - Kancheepuram  03,Total,35-39,225737,112175,113562,203136,100912,102224,8539,4245,4294,13418,6668,6750,67,42,25,37,23,14,299,164,135,67,37,30
C4415,33,03,0000,District - Kancheepuram  03,Total,40-44,170064,90320,79744,152803,81252,71551,6305,3388,2917,10447,5411,5036,52,32,20,15,8,7,236,116,120,41,27,14
C4415,33,03,0000,District - Kancheepuram  03,Total,45-49,157326,81810,75516,141521,73618,67903,5725,3029,2696,9643,4946,4697,40,24,16,27,13,14,209,106,103,44,22,22
C4415,33,03,0000,District - Kancheepuram  03,Total,50-54,122489,63497,58992,110295,56931,53364,4277,2409,1868,7576,3960,3616,28,21,7,19,15,4,164,92,72,31,13,18
C4415,33,03,0000,District - Kancheepuram  03,Total,55-59,93132,46154,46978,84355,41653,42702,3171,1625,1546,5347,2751,2596,17,9,8,7,4,3,129,62,67,25,12,13
C4415,33,03,0000,District - Kancheepuram  03,Total,60-64,87460,42967,44493,79906,39166,40740,2567,1340,1227,4766,2346,2420,17,11,6,2,0,2,109,64,45,17,10,7
C4415,33,03,0000,District - Kancheepuram  03,Total,65-69,58366,28021,30345,53314,25614,27700,1793,882,911,3114,1456,1658,6,2,4,4,1,3,84,42,42,15,5,10
C4415,33,03,0000,District - Kancheepuram  03,Total,70-74,43431,22194,21237,39989,20420,19569,1153,609,544,2169,1106,1063,5,4,1,7,4,3,59,24,35,6,5,1
C4415,33,03,0000,District - Kancheepuram  03,Total,75-79,21161,11338,9823,19339,10400,8939,574,298,276,1194,614,580,4,2,2,3,1,2,23,12,11,8,2,6
C4415,33,03,0000,District - Kancheepuram  03,Total,80+,23442,11632,11810,21440,10709,10731,679,295,384,1258,594,664,5,3,2,2,2,0,25,11,14,5,4,1
C4415,33,03,0000,District - Kancheepuram  03,Total,Age not stated,10448,5386,5062,9250,4732,4518,412,207,205,503,276,227,2,2,0,3,1,2,9,8,1,4,2,2
C4415,33,03,0000,District - Kancheepuram  03,Rural,All ages,1342502,676095,666407,1260225,634824,625401,22731,11438,11293,56923,28465,28458,76,47,29,104,54,50,174,92,82,105,66,39
C4415,33,03,0000,District - Kancheepuram  03,Rural,0-4,115977,59016,56961,108780,55378,53402,2142,1105,1037,4852,2447,2405,7,2,5,10,2,8,12,7,5,12,6,6
C4415,33,03,0000,District - Kancheepuram  03,Rural,5-9,133239,67594,65645,125217,63489,61728,2286,1161,1125,5508,2839,2669,3,0,3,12,7,5,12,6,6,11,10,1
C4415,33,03,0000,District - Kancheepuram  03,Rural,10-14,144966,73870,71096,136379,69451,66928,2401,1242,1159,5958,3066,2892,10,6,4,11,7,4,17,7,10,12,9,3
C4415,33,03,0000,District - Kancheepuram  03,Rural,15-19,143411,72913,70498,134085,68167,65918,2660,1289,1371,6173,3121,3052,7,5,2,10,8,2,17,10,7,11,9,2
C4415,33,03,0000,District - Kancheepuram  03,Rural,20-24,129028,65517,63511,120330,61357,58973,2449,1190,1259,5861,2783,3078,7,6,1,12,5,7,27,13,14,10,7,3
C4415,33,03,0000,District - Kancheepuram  03,Rural,25-29,121063,58689,62374,113184,54840,58344,2170,1064,1106,5516,2691,2825,4,2,2,8,4,4,13,10,3,10,5,5
C4415,33,03,0000,District - Kancheepuram  03,Rural,30-34,92423,46557,45866,86698,43718,42980,1573,776,797,4021,2003,2018,6,4,2,11,3,8,9,5,4,9,5,4
C4415,33,03,0000,District - Kancheepuram  03,Rural,35-39,101496,49138,52358,95318,46178,49140,1707,795,912,4342,2098,2244,8,4,4,8,6,2,12,5,7,8,4,4
C4415,33,03,0000,District - Kancheepuram  03,Rural,40-44,74933,39544,35389,70492,37202,33290,1188,655,533,3141,1630,1511,12,9,3,5,4,1,7,4,3,7,3,4
C4415,33,03,0000,District - Kancheepuram  03,Rural,45-49,71669,36688,34981,67403,34468,32935,1170,617,553,3002,1555,1447,5,4,1,5,3,2,11,5,6,4,2,2
C4415,33,03,0000,District - Kancheepuram  03,Rural,50-54,54905,27665,27240,51760,26023,25737,826,452,374,2245,1149,1096,4,4,0,3,2,1,10,4,6,3,3,0
C4415,33,03,0000,District - Kancheepuram  03,Rural,55-59,44076,21357,22719,41568,20104,21464,660,339,321,1805,893,912,0,0,0,2,1,1,3,2,1,2,0,2
C4415,33,03,0000,District - Kancheepuram  03,Rural,60-64,42455,20492,21963,40191,19396,20795,563,296,267,1653,782,871,3,1,2,1,0,1,7,5,2,2,1,1
C4415,33,03,0000,District - Kancheepuram  03,Rural,65-69,27330,12978,14352,25911,12340,13571,350,168,182,1039,456,583,0,0,0,1,1,0,7,3,4,1,0,1
C4415,33,03,0000,District - Kancheepuram  03,Rural,70-74,20879,10959,9920,19831,10413,9418,222,108,114,794,422,372,0,0,0,3,1,2,5,3,2,1,1,0
C4415,33,03,0000,District - Kancheepuram  03,Rural,75-79,9193,5100,4093,8660,4811,3849,119,62,57,402,220,182,0,0,0,0,0,0,3,2,1,0,0,0
C4415,33,03,0000,District - Kancheepuram  03,Rural,80+,10448,5495,4953,9853,5197,4656,133,69,64,442,220,222,0,0,0,0,0,0,1,0,1,0,0,0
C4415,33,03,0000,District - Kancheepuram  03,Rural,Age not stated,5011,2523,2488,4565,2292,2273,112,50,62,169,90,79,0,0,0,2,0,2,1,1,0,2,1,1
C4415,33,03,0000,District - Kancheepuram  03,Urban,All ages,1534966,781147,753819,1323365,673879,649486,90935,46539,44396,113493,56852,56641,735,462,273,417,221,196,3780,1949,1831,726,355,371
C4415,33,03,0000,District - Kancheepuram  03,Urban,0-4,120118,61291,58827,102796,52473,50323,7853,3995,3858,8891,4525,4366,43,27,16,30,16,14,312,159,153,78,37,41
C4415,33,03,0000,District - Kancheepuram  03,Urban,5-9,127742,64782,62960,109134,55300,53834,8591,4420,4171,9350,4710,4640,65,32,33,45,22,23,331,162,169,63,30,33
C4415,33,03,0000,District - Kancheepuram  03,Urban,10-14,141016,72063,68953,120637,61638,58999,9454,4887,4567,10181,5096,5085,36,22,14,64,28,36,337,178,159,67,30,37
C4415,33,03,0000,District - Kancheepuram  03,Urban,15-19,148619,75966,72653,126881,64892,61989,10289,5231,5058,10786,5472,5314,42,23,19,49,24,25,349,189,160,63,31,32
C4415,33,03,0000,District - Kancheepuram  03,Urban,20-24,159889,79626,80263,136792,68185,68607,10377,5234,5143,11908,5769,6139,139,96,43,60,35,25,415,214,201,86,35,51
C4415,33,03,0000,District - Kancheepuram  03,Urban,25-29,157926,76670,81256,135947,66179,69768,9146,4429,4717,12060,5653,6407,107,74,33,51,30,21,411,205,206,73,36,37
C4415,33,03,0000,District - Kancheepuram  03,Urban,30-34,128995,67194,61801,111382,58229,53153,7080,3627,3453,9916,5014,4902,92,58,34,22,12,10,346,175,171,63,32,31
C4415,33,03,0000,District - Kancheepuram  03,Urban,35-39,124241,63037,61204,107818,54734,53084,6832,3450,3382,9076,4570,4506,59,38,21,29,17,12,287,159,128,59,33,26
C4415,33,03,0000,District - Kancheepuram  03,Urban,40-44,95131,50776,44355,82311,44050,38261,5117,2733,2384,7306,3781,3525,40,23,17,10,4,6,229,112,117,34,24,10
C4415,33,03,0000,District - Kancheepuram  03,Urban,45-49,85657,45122,40535,74118,39150,34968,4555,2412,2143,6641,3391,3250,35,20,15,22,10,12,198,101,97,40,20,20
C4415,33,03,0000,District - Kancheepuram  03,Urban,50-54,67584,35832,31752,58535,30908,27627,3451,1957,1494,5331,2811,2520,24,17,7,16,13,3,154,88,66,28,10,18
C4415,33,03,0000,District - Kancheepuram  03,Urban,55-59,49056,24797,24259,42787,21549,21238,2511,1286,1225,3542,1858,1684,17,9,8,5,3,2,126,60,66,23,12,11
C4415,33,03,0000,District - Kancheepuram  03,Urban,60-64,45005,22475,22530,39715,19770,19945,2004,1044,960,3113,1564,1549,14,10,4,1,0,1,102,59,43,15,9,6
C4415,33,03,0000,District - Kancheepuram  03,Urban,65-69,31036,15043,15993,27403,13274,14129,1443,714,729,2075,1000,1075,6,2,4,3,0,3,77,39,38,14,5,9
C4415,33,03,0000,District - Kancheepuram  03,Urban,70-74,22552,11235,11317,20158,10007,10151,931,501,430,1375,684,691,5,4,1,4,3,1,54,21,33,5,4,1
C4415,33,03,0000,District - Kancheepuram  03,Urban,75-79,11968,6238,5730,10679,5589,5090,455,236,219,792,394,398,4,2,2,3,1,2,20,10,10,8,2,6
C4415,33,03,0000,District - Kancheepuram  03,Urban,80+,12994,6137,6857,11587,5512,6075,546,226,320,816,374,442,5,3,2,2,2,0,24,11,13,5,4,1
C4415,33,03,0000,District - Kancheepuram  03,Urban,Age not stated,5437,2863,2574,4685,2440,2245,300,157,143,334,186,148,2,2,0,1,1,0,8,7,1,2,1,1
C4415,33,04,0000,District - Vellore  04,Total,All ages,3477317,1741083,1736234,3016962,1512054,1504908,350771,175771,175000,102477,49507,52970,535,298,237,380,198,182,3489,1767,1722,297,166,131
C4415,33,04,0000,District - Vellore  04,Total,0-4,303706,156092,147614,259649,133634,126015,35902,18321,17581,7557,3845,3712,42,18,24,31,9,22,274,127,147,44,26,18
C4415,33,04,0000,District - Vellore  04,Total,5-9,346686,177046,169640,295943,151356,144587,41437,20882,20555,8602,4407,4195,36,16,20,29,17,12,315,154,161,30,18,12
C4415,33,04,0000,District - Vellore  04,Total,10-14,369051,187581,181470,315022,160278,154744,42610,21581,21029,10703,5366,5337,62,30,32,38,16,22,371,195,176,21,11,10
C4415,33,04,0000,District - Vellore  04,Total,15-19,351329,177610,173719,297122,151479,145643,42528,20517,22011,11017,5261,5756,50,30,20,28,17,11,345,177,168,21,17,4
C4415,33,04,0000,District - Vellore  04,Total,20-24,324407,162082,162325,277360,138892,138468,35938,18152,17786,10416,4675,5741,56,35,21,46,24,22,371,191,180,33,14,19
C4415,33,04,0000,District - Vellore  04,Total,25-29,304192,144310,159882,264754,125761,138993,29328,13932,15396,9493,4309,5184,52,31,21,33,16,17,328,168,160,35,11,24
C4415,33,04,0000,District - Vellore  04,Total,30-34,248188,122610,125578,217238,107350,109888,22561,11329,11232,7807,3628,4179,37,23,14,32,15,17,322,152,170,35,26,9
C4415,33,04,0000,District - Vellore  04,Total,35-39,268430,129579,138851,236123,114035,122088,23955,11535,12420,7805,3712,4093,39,22,17,37,19,18,301,171,130,19,10,9
C4415,33,04,0000,District - Vellore  04,Total,40-44,199574,106615,92959,175343,93675,81668,17541,9513,8028,6298,3218,3080,45,25,20,19,12,7,193,102,91,17,14,3
C4415,33,04,0000,District - Vellore  04,Total,45-49,193001,99916,93085,170278,88020,82258,16597,8804,7793,5777,2904,2873,31,17,14,21,14,7,182,97,85,10,6,4
C4415,33,04,0000,District - Vellore  04,Total,50-54,144098,75168,68930,127323,66303,61020,12022,6424,5598,4485,2281,2204,24,21,3,11,7,4,123,70,53,9,3,6
C4415,33,04,0000,District - Vellore  04,Total,55-59,112265,54697,57568,100004,48602,51402,8684,4376,4308,3381,1634,1747,17,6,11,11,4,7,108,51,57,8,3,5
C4415,33,04,0000,District - Vellore  04,Total,60-64,107702,51125,56577,96736,45808,50928,7655,3776,3879,3118,1450,1668,15,8,7,16,9,7,87,44,43,5,1,4
C4415,33,04,0000,District - Vellore  04,Total,65-69,73145,33286,39859,65897,29807,36090,4971,2447,2524,2146,970,1176,7,5,2,7,4,3,63,24,39,3,2,1
C4415,33,04,0000,District - Vellore  04,Total,70-74,56697,27111,29586,51256,24600,26656,3675,1691,1984,1672,774,898,7,3,4,10,7,3,43,18,25,5,3,2
C4415,33,04,0000,District - Vellore  04,Total,75-79,27456,13722,13734,24989,12480,12509,1581,782,799,836,433,403,2,1,1,2,2,0,17,9,8,0,0,0
C4415,33,04,0000,District - Vellore  04,Total,80+,31324,14241,17083,28192,12894,15298,2125,892,1233,939,420,519,8,4,4,5,4,1,26,10,16,2,1,1
C4415,33,04,0000,District - Vellore  04,Total,Age not stated,16066,8292,7774,13733,7080,6653,1661,817,844,425,220,205,5,3,2,4,2,2,20,7,13,0,0,0
C4415,33,04,0000,District - Vellore  04,Rural,All ages,2169319,1088090,1081229,2060885,1033987,1026898,60224,30280,29944,45974,22680,23294,194,112,82,112,60,52,328,155,173,91,53,38
C4415,33,04,0000,District - Vellore  04,Rural,0-4,195526,100862,94664,184968,95446,89522,6586,3392,3194,3761,1920,1841,14,5,9,14,4,10,29,13,16,14,10,4
C4415,33,04,0000,District - Vellore  04,Rural,5-9,223075,114754,108321,211153,108681,102472,7480,3787,3693,4225,2172,2053,11,4,7,14,11,3,28,8,20,12,9,3
C4415,33,04,0000,District - Vellore  04,Rural,10-14,230584,117451,113133,218193,111098,107095,7413,3814,3599,4747,2432,2315,15,8,7,10,3,7,36,16,20,3,2,1
C4415,33,04,0000,District - Vellore  04,Rural,15-19,212413,109007,103406,200276,102913,97363,7289,3647,3642,4667,2353,2314,16,13,3,4,1,3,21,12,9,1,1,0
C4415,33,04,0000,District - Vellore  04,Rural,20-24,194394,98200,96194,183764,92974,90790,5815,2915,2900,4620,2207,2413,33,23,10,16,8,8,23,10,13,7,2,5
C4415,33,04,0000,District - Vellore  04,Rural,25-29,185861,88134,97727,176651,83790,92861,4781,2259,2522,4249,1994,2255,23,13,10,6,4,2,32,19,13,14,2,12
C4415,33,04,0000,District - Vellore  04,Rural,30-34,151086,74460,76626,143792,70950,72842,3725,1817,1908,3394,1603,1791,14,8,6,9,4,5,38,14,24,14,13,1
C4415,33,04,0000,District - Vellore  04,Rural,35-39,166561,80245,86316,158888,76555,82333,4040,1925,2115,3482,1685,1797,15,11,4,9,4,5,22,12,10,6,3,3
C4415,33,04,0000,District - Vellore  04,Rural,40-44,122220,64946,57274,116500,61949,54551,2897,1552,1345,2699,1378,1321,11,6,5,6,4,2,20,11,9,4,4,0
C4415,33,04,0000,District - Vellore  04,Rural,45-49,120212,61583,58629,114740,58758,55982,2829,1495,1334,2536,1274,1262,12,5,7,6,4,2,17,10,7,3,2,1
C4415,33,04,0000,District - Vellore  04,Rural,50-54,90101,46192,43909,85929,44065,41864,2067,1049,1018,2006,1021,985,6,5,1,1,1,0,18,9,9,1,0,1
C4415,33,04,0000,District - Vellore  04,Rural,55-59,72495,35171,37324,69408,33632,35776,1505,786,719,1514,725,789,8,5,3,2,1,1,15,6,9,5,1,4
C4415,33,04,0000,District - Vellore  04,Rural,60-64,70558,33257,37301,67723,31909,35814,1359,682,677,1399,633,766,7,4,3,4,3,1,9,4,5,2,0,2
C4415,33,04,0000,District - Vellore  04,Rural,65-69,48593,22050,26543,46654,21136,25518,878,424,454,1009,464,545,1,0,1,2,1,1,9,4,5,1,0,1
C4415,33,04,0000,District - Vellore  04,Rural,70-74,37971,18441,19530,36520,17730,18790,654,311,343,761,379,382,2,0,2,4,3,1,4,3,1,3,3,0
C4415,33,04,0000,District - Vellore  04,Rural,75-79,18240,9255,8985,17576,8910,8666,310,162,148,331,173,158,1,0,1,0,0,0,1,0,1,0,0,0
C4415,33,04,0000,District - Vellore  04,Rural,80+,20846,9716,11130,19994,9344,10650,404,168,236,414,182,232,5,2,3,4,3,1,5,4,1,1,1,0
C4415,33,04,0000,District - Vellore  04,Rural,Age not stated,8583,4366,4217,8156,4147,4009,192,95,97,160,85,75,0,0,0,1,1,0,1,0,1,0,0,0
C4415,33,04,0000,District - Vellore  04,Urban,All ages,1307998,652993,655005,956077,478067,478010,290547,145491,145056,56503,26827,29676,341,186,155,268,138,130,3161,1612,1549,206,113,93
C4415,33,04,0000,District - Vellore  04,Urban,0-4,108180,55230,52950,74681,38188,36493,29316,14929,14387,3796,1925,1871,28,13,15,17,5,12,245,114,131,30,16,14
C4415,33,04,0000,District - Vellore  04,Urban,5-9,123611,62292,61319,84790,42675,42115,33957,17095,16862,4377,2235,2142,25,12,13,15,6,9,287,146,141,18,9,9
C4415,33,04,0000,District - Vellore  04,Urban,10-14,138467,70130,68337,96829,49180,47649,35197,17767,17430,5956,2934,3022,47,22,25,28,13,15,335,179,156,18,9,9
C4415,33,04,0000,District - Vellore  04,Urban,15-19,138916,68603,70313,96846,48566,48280,35239,16870,18369,6350,2908,3442,34,17,17,24,16,8,324,165,159,20,16,4
C4415,33,04,0000,District - Vellore  04,Urban,20-24,130013,63882,66131,93596,45918,47678,30123,15237,14886,5796,2468,3328,23,12,11,30,16,14,348,181,167,26,12,14
C4415,33,04,0000,District - Vellore  04,Urban,25-29,118331,56176,62155,88103,41971,46132,24547,11673,12874,5244,2315,2929,29,18,11,27,12,15,296,149,147,21,9,12
C4415,33,04,0000,District - Vellore  04,Urban,30-34,97102,48150,48952,73446,36400,37046,18836,9512,9324,4413,2025,2388,23,15,8,23,11,12,284,138,146,21,13,8
C4415,33,04,0000,District - Vellore  04,Urban,35-39,101869,49334,52535,77235,37480,39755,19915,9610,10305,4323,2027,2296,24,11,13,28,15,13,279,159,120,13,7,6
C4415,33,04,0000,District - Vellore  04,Urban,40-44,77354,41669,35685,58843,31726,27117,14644,7961,6683,3599,1840,1759,34,19,15,13,8,5,173,91,82,13,10,3
C4415,33,04,0000,District - Vellore  04,Urban,45-49,72789,38333,34456,55538,29262,26276,13768,7309,6459,3241,1630,1611,19,12,7,15,10,5,165,87,78,7,4,3
C4415,33,04,0000,District - Vellore  04,Urban,50-54,53997,28976,25021,41394,22238,19156,9955,5375,4580,2479,1260,1219,18,16,2,10,6,4,105,61,44,8,3,5
C4415,33,04,0000,District - Vellore  04,Urban,55-59,39770,19526,20244,30596,14970,15626,7179,3590,3589,1867,909,958,9,1,8,9,3,6,93,45,48,3,2,1
C4415,33,04,0000,District - Vellore  04,Urban,60-64,37144,17868,19276,29013,13899,15114,6296,3094,3202,1719,817,902,8,4,4,12,6,6,78,40,38,3,1,2
C4415,33,04,0000,District - Vellore  04,Urban,65-69,24552,11236,13316,19243,8671,10572,4093,2023,2070,1137,506,631,6,5,1,5,3,2,54,20,34,2,2,0
C4415,33,04,0000,District - Vellore  04,Urban,70-74,18726,8670,10056,14736,6870,7866,3021,1380,1641,911,395,516,5,3,2,6,4,2,39,15,24,2,0,2
C4415,33,04,0000,District - Vellore  04,Urban,75-79,9216,4467,4749,7413,3570,3843,1271,620,651,505,260,245,1,1,0,2,2,0,16,9,7,0,0,0
C4415,33,04,0000,District - Vellore  04,Urban,80+,10478,4525,5953,8198,3550,4648,1721,724,997,525,238,287,3,2,1,1,1,0,21,6,15,1,0,1
C4415,33,04,0000,District - Vellore  04,Urban,Age not stated,7483,3926,3557,5577,2933,2644,1469,722,747,265,135,130,5,3,2,3,1,2,19,7,12,0,0,0
C4415,33,05,0000,District - Dharmapuri  05,Total,All ages,2856300,1473597,1382703,2690698,1388672,1302026,123469,63487,59982,39019,19783,19236,375,195,180,61,35,26,383,208,175,289,141,148
C4415,33,05,0000,District - Dharmapuri  05,Total,0-4,273367,145840,127527,256152,136929,119223,13455,6985,6470,3438,1748,1690,27,15,12,7,4,3,41,21,20,38,22,16
C4415,33,05,0000,District - Dharmapuri  05,Total,5-9,310450,165171,145279,290697,155012,135685,15431,7921,7510,3969,2038,1931,48,22,26,7,7,0,40,23,17,28,11,17
C4415,33,05,0000,District - Dharmapuri  05,Total,10-14,310142,161860,148282,290859,152223,138636,14785,7358,7427,4159,2099,2060,49,27,22,2,1,1,36,15,21,29,12,17
C4415,33,05,0000,District - Dharmapuri  05,Total,15-19,273156,145394,127762,255744,136576,119168,13514,6871,6643,3650,1815,1835,23,12,11,5,3,2,41,23,18,25,10,15
C4415,33,05,0000,District - Dharmapuri  05,Total,20-24,254888,130080,124808,238966,121858,117108,11953,6150,5803,3748,1958,1790,22,10,12,3,2,1,30,20,10,27,13,14
C4415,33,05,0000,District - Dharmapuri  05,Total,25-29,261019,124668,136351,246151,117456,128695,10882,5350,5532,3742,1745,1997,42,20,22,9,3,6,33,18,15,18,10,8
C4415,33,05,0000,District - Dharmapuri  05,Total,30-34,209560,103914,105646,197796,97912,99884,8294,4273,4021,3248,1622,1626,29,16,13,7,4,3,33,16,17,24,11,13
C4415,33,05,0000,District - Dharmapuri  05,Total,35-39,227577,113243,114334,215556,107095,108461,8633,4444,4189,3173,1596,1577,31,18,13,5,2,3,34,15,19,23,11,12
C4415,33,05,0000,District - Dharmapuri  05,Total,40-44,162370,88242,74128,153779,83491,70288,6099,3378,2721,2333,1285,1048,27,15,12,1,0,1,23,18,5,14,8,6
C4415,33,05,0000,District - Dharmapuri  05,Total,45-49,151218,80024,71194,143375,75752,67623,5659,3085,2574,2049,1120,929,21,12,9,7,5,2,17,8,9,14,4,10
C4415,33,05,0000,District - Dharmapuri  05,Total,50-54,109782,57819,51963,104086,54768,49318,4094,2216,1878,1495,774,721,7,5,2,1,1,0,13,9,4,13,8,5
C4415,33,05,0000,District - Dharmapuri  05,Total,55-59,84026,41707,42319,79799,39534,40265,3033,1603,1430,1119,532,587,11,3,8,1,1,0,12,6,6,12,7,5
C4415,33,05,0000,District - Dharmapuri  05,Total,60-64,81486,40508,40978,77492,38464,39028,2886,1485,1401,1034,529,505,8,3,5,2,0,2,8,2,6,11,4,7
C4415,33,05,0000,District - Dharmapuri  05,Total,65-69,54673,25992,28681,52165,24797,27368,1776,853,923,681,312,369,10,7,3,1,0,1,8,7,1,6,4,2
C4415,33,05,0000,District - Dharmapuri  05,Total,70-74,43110,23024,20086,41149,21966,19183,1398,759,639,516,275,241,8,2,6,0,0,0,6,4,2,3,3,0
C4415,33,05,0000,District - Dharmapuri  05,Total,75-79,19994,10765,9229,19084,10289,8795,595,309,286,289,150,139,4,3,1,0,0,0,3,1,2,1,1,0
C4415,33,05,0000,District - Dharmapuri  05,Total,80+,24812,12767,12045,23651,12230,11421,826,366,460,300,151,149,8,5,3,1,1,0,5,2,3,3,2,1
C4415,33,05,0000,District - Dharmapuri  05,Total,Age not stated,4670,2579,2091,4197,2320,1877,156,81,75,76,34,42,0,0,0,2,1,1,0,0,0,0,0,0
C4415,33,05,0000,District - Dharmapuri  05,Rural,All ages,2400354,1240122,1160232,2306973,1192229,1114744,63114,32494,30620,28025,14221,13804,322,168,154,39,23,16,203,110,93,188,95,93
C4415,33,05,0000,District - Dharmapuri  05,Rural,0-4,232340,124655,107685,222453,119546,102907,7176,3715,3461,2482,1271,1211,20,11,9,2,1,1,14,6,8,23,12,11
C4415,33,05,0000,District - Dharmapuri  05,Rural,5-9,264395,141192,123203,253037,135315,117722,8155,4213,3942,2943,1529,1414,46,22,24,3,3,0,17,8,9,20,9,11
C4415,33,05,0000,District - Dharmapuri  05,Rural,10-14,263481,137971,125510,252526,132462,120064,7645,3855,3790,3082,1540,1542,43,24,19,2,1,1,19,9,10,22,12,10
C4415,33,05,0000,District - Dharmapuri  05,Rural,15-19,228544,122590,105954,219030,117732,101298,6602,3403,3199,2722,1352,1370,22,11,11,4,3,1,24,12,12,16,6,10
C4415,33,05,0000,District - Dharmapuri  05,Rural,20-24,210192,107826,102366,201527,103327,98200,5799,2999,2800,2702,1416,1286,18,9,9,2,1,1,17,10,7,19,10,9
C4415,33,05,0000,District - Dharmapuri  05,Rural,25-29,216054,102909,113145,207863,98980,108883,5385,2633,2752,2634,1212,1422,32,14,18,6,3,3,17,12,5,6,2,4
C4415,33,05,0000,District - Dharmapuri  05,Rural,30-34,173053,85214,87839,166570,81933,84637,4111,2077,2034,2208,1124,1084,28,16,12,4,2,2,15,7,8,18,8,10
C4415,33,05,0000,District - Dharmapuri  05,Rural,35-39,190342,94237,96105,183676,90828,92848,4330,2220,2110,2180,1109,1071,24,14,10,4,1,3,17,8,9,15,8,7
C4415,33,05,0000,District - Dharmapuri  05,Rural,40-44,135276,73111,62165,130424,70486,59938,3123,1712,1411,1603,848,755,25,14,11,1,0,1,14,9,5,10,5,5
C4415,33,05,0000,District - Dharmapuri  05,Rural,45-49,126742,66700,60042,122378,64378,58000,2852,1501,1351,1405,763,642,17,10,7,6,5,1,13,7,6,7,2,5
C4415,33,05,0000,District - Dharmapuri  05,Rural,50-54,92439,48500,43939,89132,46747,42385,2170,1161,1009,1052,545,507,6,4,2,1,1,0,8,5,3,9,6,3
C4415,33,05,0000,District - Dharmapuri  05,Rural,55-59,71292,35336,35956,68803,34054,34749,1617,864,753,816,391,425,9,2,7,1,1,0,10,6,4,7,5,2
C4415,33,05,0000,District - Dharmapuri  05,Rural,60-64,69735,34757,34978,67349,33515,33834,1559,816,743,764,397,367,7,3,4,1,0,1,5,2,3,8,3,5
C4415,33,05,0000,District - Dharmapuri  05,Rural,65-69,47013,22414,24599,45509,21685,23824,944,463,481,519,243,276,9,6,3,0,0,0,4,4,0,4,3,1
C4415,33,05,0000,District - Dharmapuri  05,Rural,70-74,37244,20069,17175,36029,19409,16620,771,430,341,401,210,191,7,1,6,0,0,0,6,4,2,1,1,0
C4415,33,05,0000,District - Dharmapuri  05,Rural,75-79,17157,9368,7789,16590,9051,7539,312,171,141,233,130,103,4,3,1,0,0,0,0,0,0,1,1,0
C4415,33,05,0000,District - Dharmapuri  05,Rural,80+,21350,11170,10180,20627,10827,9800,467,207,260,228,119,109,5,4,1,0,0,0,3,1,2,2,2,0
C4415,33,05,0000,District - Dharmapuri  05,Rural,Age not stated,3705,2103,1602,3450,1954,1496,96,54,42,51,22,29,0,0,0,2,1,1,0,0,0,0,0,0
C4415,33,05,0000,District - Dharmapuri  05,Urban,All ages,455946,233475,222471,383725,196443,187282,60355,30993,29362,10994,5562,5432,53,27,26,22,12,10,180,98,82,101,46,55
C4415,33,05,0000,District - Dharmapuri  05,Urban,0-4,41027,21185,19842,33699,17383,16316,6279,3270,3009,956,477,479,7,4,3,5,3,2,27,15,12,15,10,5
C4415,33,05,0000,District - Dharmapuri  05,Urban,5-9,46055,23979,22076,37660,19697,17963,7276,3708,3568,1026,509,517,2,0,2,4,4,0,23,15,8,8,2,6
C4415,33,05,0000,District - Dharmapuri  05,Urban,10-14,46661,23889,22772,38333,19761,18572,7140,3503,3637,1077,559,518,6,3,3,0,0,0,17,6,11,7,0,7
C4415,33,05,0000,District - Dharmapuri  05,Urban,15-19,44612,22804,21808,36714,18844,17870,6912,3468,3444,928,463,465,1,1,0,1,0,1,17,11,6,9,4,5
C4415,33,05,0000,District - Dharmapuri  05,Urban,20-24,44696,22254,22442,37439,18531,18908,6154,3151,3003,1046,542,504,4,1,3,1,1,0,13,10,3,8,3,5
C4415,33,05,0000,District - Dharmapuri  05,Urban,25-29,44965,21759,23206,38288,18476,19812,5497,2717,2780,1108,533,575,10,6,4,3,0,3,16,6,10,12,8,4
C4415,33,05,0000,District - Dharmapuri  05,Urban,30-34,36507,18700,17807,31226,15979,15247,4183,2196,1987,1040,498,542,1,0,1,3,2,1,18,9,9,6,3,3
C4415,33,05,0000,District - Dharmapuri  05,Urban,35-39,37235,19006,18229,31880,16267,15613,4303,2224,2079,993,487,506,7,4,3,1,1,0,17,7,10,8,3,5
C4415,33,05,0000,District - Dharmapuri  05,Urban,40-44,27094,15131,11963,23355,13005,10350,2976,1666,1310,730,437,293,2,1,1,0,0,0,9,9,0,4,3,1
C4415,33,05,0000,District - Dharmapuri  05,Urban,45-49,24476,13324,11152,20997,11374,9623,2807,1584,1223,644,357,287,4,2,2,1,0,1,4,1,3,7,2,5
C4415,33,05,0000,District - Dharmapuri  05,Urban,50-54,17343,9319,8024,14954,8021,6933,1924,1055,869,443,229,214,1,1,0,0,0,0,5,4,1,4,2,2
C4415,33,05,0000,District - Dharmapuri  05,Urban,55-59,12734,6371,6363,10996,5480,5516,1416,739,677,303,141,162,2,1,1,0,0,0,2,0,2,5,2,3
C4415,33,05,0000,District - Dharmapuri  05,Urban,60-64,11751,5751,6000,10143,4949,5194,1327,669,658,270,132,138,1,0,1,1,0,1,3,0,3,3,1,2
C4415,33,05,0000,District - Dharmapuri  05,Urban,65-69,7660,3578,4082,6656,3112,3544,832,390,442,162,69,93,1,1,0,1,0,1,4,3,1,2,1,1
C4415,33,05,0000,District - Dharmapuri  05,Urban,70-74,5866,2955,2911,5120,2557,2563,627,329,298,115,65,50,1,1,0,0,0,0,0,0,0,2,2,0
C4415,33,05,0000,District - Dharmapuri  05,Urban,75-79,2837,1397,1440,2494,1238,1256,283,138,145,56,20,36,0,0,0,0,0,0,3,1,2,0,0,0
C4415,33,05,0000,District - Dharmapuri  05,Urban,80+,3462,1597,1865,3024,1403,1621,359,159,200,72,32,40,3,1,2,1,1,0,2,1,1,1,0,1
C4415,33,05,0000,District - Dharmapuri  05,Urban,Age not stated,965,476,489,747,366,381,60,27,33,25,12,13,0,0,0,0,0,0,0,0,0,0,0,0
C4415,33,06,0000,District - Tiruvannamalai  06,Total,All ages,2186125,1095859,1090266,2041854,1024764,1017090,78506,39239,39267,55180,26551,28629,86,61,25,146,68,78,8305,4140,4165,118,63,55
C4415,33,06,0000,District - Tiruvannamalai  06,Total,0-4,184509,94596,89913,171700,88081,83619,7576,3854,3722,4564,2311,2253,9,5,4,10,5,5,484,253,231,13,7,6
C4415,33,06,0000,District - Tiruvannamalai  06,Total,5-9,214365,109696,104669,200063,102398,97665,8161,4145,4016,5410,2787,2623,7,4,3,14,9,5,512,256,256,9,5,4
C4415,33,06,0000,District - Tiruvannamalai  06,Total,10-14,233440,119167,114273,217551,111242,106309,8771,4365,4406,6315,3135,3180,5,3,2,20,8,12,577,310,267,7,2,5
C4415,33,06,0000,District - Tiruvannamalai  06,Total,15-19,229652,116396,113256,213349,108562,104787,9433,4578,4855,6027,2818,3209,9,8,1,21,12,9,636,323,313,11,8,3
C4415,33,06,0000,District - Tiruvannamalai  06,Total,20-24,198418,100970,97448,183848,93891,89957,8361,4170,4191,5210,2420,2790,4,3,1,9,3,6,828,404,424,17,8,9
C4415,33,06,0000,District - Tiruvannamalai  06,Total,25-29,183206,88933,94273,170711,82926,87785,7053,3463,3590,4565,2101,2464,8,6,2,5,3,2,719,371,348,9,5,4
C4415,33,06,0000,District - Tiruvannamalai  06,Total,30-34,142772,69415,73357,133385,64867,68518,5112,2533,2579,3538,1650,1888,4,3,1,14,3,11,602,303,299,5,2,3
C4415,33,06,0000,District - Tiruvannamalai  06,Total,35-39,162333,76359,85974,152300,71649,80651,5534,2660,2874,3748,1689,2059,6,4,2,15,5,10,584,287,297,13,6,7
C4415,33,06,0000,District - Tiruvannamalai  06,Total,40-44,123258,64097,59161,115653,60199,55454,4049,2152,1897,2910,1415,1495,6,5,1,11,8,3,526,253,273,7,4,3
C4415,33,06,0000,District - Tiruvannamalai  06,Total,45-49,124389,62841,61548,116917,59147,57770,3876,2008,1868,2951,1383,1568,7,5,2,4,3,1,533,248,285,4,3,1
C4415,33,06,0000,District - Tiruvannamalai  06,Total,50-54,94919,47976,46943,89163,45121,44042,2754,1430,1324,2457,1158,1299,4,4,0,5,3,2,451,214,237,7,6,1
C4415,33,06,0000,District - Tiruvannamalai  06,Total,55-59,80478,38425,42053,75529,35969,39560,2373,1212,1161,2077,1016,1061,5,4,1,3,1,2,426,190,236,5,2,3
C4415,33,06,0000,District - Tiruvannamalai  06,Total,60-64,75411,36791,38620,71065,34663,36402,1972,976,996,1883,912,971,3,3,0,2,0,2,416,206,210,4,1,3
C4415,33,06,0000,District - Tiruvannamalai  06,Total,65-69,52278,25017,27261,49256,23557,25699,1303,645,658,1306,612,694,3,1,2,2,1,1,360,180,180,2,1,1
C4415,33,06,0000,District - Tiruvannamalai  06,Total,70-74,38642,19754,18888,36407,18652,17755,939,450,489,969,487,482,0,0,0,3,1,2,289,149,140,3,2,1
C4415,33,06,0000,District - Tiruvannamalai  06,Total,75-79,19021,10381,8640,17883,9791,8092,447,228,219,510,267,243,3,1,2,3,2,1,158,83,75,1,1,0
C4415,33,06,0000,District - Tiruvannamalai  06,Total,80+,19698,10181,9517,18414,9548,8866,558,239,319,552,297,255,1,1,0,3,1,2,154,86,68,1,0,1
C4415,33,06,0000,District - Tiruvannamalai  06,Total,Age not stated,9336,4864,4472,8660,4501,4159,234,131,103,188,93,95,2,1,1,2,0,2,50,24,26,0,0,0
C4415,33,06,0000,District - Tiruvannamalai  06,Rural,All ages,1785364,895738,889626,1704334,855951,848383,32154,15996,16158,41276,19985,21291,59,43,16,72,31,41,5903,2946,2957,43,22,21
C4415,33,06,0000,District - Tiruvannamalai  06,Rural,0-4,152411,78279,74132,145177,74580,70597,3214,1669,1545,3544,1790,1754,8,4,4,9,4,5,330,168,162,5,2,3
C4415,33,06,0000,District - Tiruvannamalai  06,Rural,5-9,178283,91353,86930,170121,87142,82979,3486,1793,1693,4179,2169,2010,7,4,3,4,3,1,327,163,164,7,4,3
C4415,33,06,0000,District - Tiruvannamalai  06,Rural,10-14,191472,98024,93448,182795,93624,89171,3478,1766,1712,4620,2319,2301,3,1,2,9,3,6,405,224,181,2,1,1
C4415,33,06,0000,District - Tiruvannamalai  06,Rural,15-19,186153,94711,91442,177352,90499,86853,3732,1779,1953,4492,2135,2357,7,7,0,10,5,5,432,220,212,3,2,1
C4415,33,06,0000,District - Tiruvannamalai  06,Rural,20-24,158249,81134,77115,150386,77392,72994,3282,1603,1679,3902,1806,2096,1,1,0,7,2,5,560,275,285,7,3,4
C4415,33,06,0000,District - Tiruvannamalai  06,Rural,25-29,146153,71131,75022,139507,67939,71568,2714,1325,1389,3308,1549,1759,2,1,1,5,3,2,510,265,245,3,1,2
C4415,33,06,0000,District - Tiruvannamalai  06,Rural,30-34,114287,55275,59012,109260,52868,56392,2014,969,1045,2526,1187,1339,2,2,0,7,2,5,391,205,186,4,2,2
C4415,33,06,0000,District - Tiruvannamalai  06,Rural,35-39,131348,61477,69871,125899,58959,66940,2197,1038,1159,2730,1228,1502,6,4,2,6,2,4,398,198,200,3,2,1
C4415,33,06,0000,District - Tiruvannamalai  06,Rural,40-44,99917,51662,48255,95613,49510,46103,1667,866,801,2202,1063,1139,4,4,0,3,2,1,360,172,188,1,1,0
C4415,33,06,0000,District - Tiruvannamalai  06,Rural,45-49,101834,51161,50673,97546,49098,48448,1606,819,787,2227,1038,1189,4,3,1,0,0,0,377,170,207,1,1,0
C4415,33,06,0000,District - Tiruvannamalai  06,Rural,50-54,78062,39160,38902,74632,37505,37127,1206,612,594,1845,868,977,4,4,0,2,1,1,319,145,174,1,1,0
C4415,33,06,0000,District - Tiruvannamalai  06,Rural,55-59,66962,31891,35071,63936,30408,33528,1058,532,526,1595,781,814,4,3,1,1,1,0,317,143,174,2,0,2
C4415,33,06,0000,District - Tiruvannamalai  06,Rural,60-64,63242,30828,32414,60591,29529,31062,850,432,418,1403,680,723,3,3,0,1,0,1,343,161,182,0,0,0
C4415,33,06,0000,District - Tiruvannamalai  06,Rural,65-69,43861,21065,22796,41963,20131,21832,587,295,292,978,469,509,1,0,1,2,1,1,294,151,143,1,0,1
C4415,33,06,0000,District - Tiruvannamalai  06,Rural,70-74,32434,16755,15679,31008,16055,14953,426,193,233,747,377,370,0,0,0,1,0,1,232,123,109,1,1,0
C4415,33,06,0000,District - Tiruvannamalai  06,Rural,75-79,15844,8736,7108,15073,8338,6735,233,106,127,397,217,180,0,0,0,1,1,0,127,67,60,1,1,0
C4415,33,06,0000,District - Tiruvannamalai  06,Rural,80+,16120,8535,7585,15337,8128,7209,225,101,124,409,224,185,1,1,0,3,1,2,132,73,59,1,0,1
C4415,33,06,0000,District - Tiruvannamalai  06,Rural,Age not stated,8732,4561,4171,8138,4246,3892,179,98,81,172,85,87,2,1,1,1,0,1,49,23,26,0,0,0
C4415,33,06,0000,District - Tiruvannamalai  06,Urban,All ages,400761,200121,200640,337520,168813,168707,46352,23243,23109,13904,6566,7338,27,18,9,74,37,37,2402,1194,1208,75,41,34
C4415,33,06,0000,District - Tiruvannamalai  06,Urban,0-4,32098,16317,15781,26523,13501,13022,4362,2185,2177,1020,521,499,1,1,0,1,1,0,154,85,69,8,5,3
C4415,33,06,0000,District - Tiruvannamalai  06,Urban,5-9,36082,18343,17739,29942,15256,14686,4675,2352,2323,1231,618,613,0,0,0,10,6,4,185,93,92,2,1,1
C4415,33,06,0000,District - Tiruvannamalai  06,Urban,10-14,41968,21143,20825,34756,17618,17138,5293,2599,2694,1695,816,879,2,2,0,11,5,6,172,86,86,5,1,4
C4415,33,06,0000,District - Tiruvannamalai  06,Urban,15-19,43499,21685,21814,35997,18063,17934,5701,2799,2902,1535,683,852,2,1,1,11,7,4,204,103,101,8,6,2
C4415,33,06,0000,District - Tiruvannamalai  06,Urban,20-24,40169,19836,20333,33462,16499,16963,5079,2567,2512,1308,614,694,3,2,1,2,1,1,268,129,139,10,5,5
C4415,33,06,0000,District - Tiruvannamalai  06,Urban,25-29,37053,17802,19251,31204,14987,16217,4339,2138,2201,1257,552,705,6,5,1,0,0,0,209,106,103,6,4,2
C4415,33,06,0000,District - Tiruvannamalai  06,Urban,30-34,28485,14140,14345,24125,11999,12126,3098,1564,1534,1012,463,549,2,1,1,7,1,6,211,98,113,1,0,1
C4415,33,06,0000,District - Tiruvannamalai  06,Urban,35-39,30985,14882,16103,26401,12690,13711,3337,1622,1715,1018,461,557,0,0,0,9,3,6,186,89,97,10,4,6
C4415,33,06,0000,District - Tiruvannamalai  06,Urban,40-44,23341,12435,10906,20040,10689,9351,2382,1286,1096,708,352,356,2,1,1,8,6,2,166,81,85,6,3,3
C4415,33,06,0000,District - Tiruvannamalai  06,Urban,45-49,22555,11680,10875,19371,10049,9322,2270,1189,1081,724,345,379,3,2,1,4,3,1,156,78,78,3,2,1
C4415,33,06,0000,District - Tiruvannamalai  06,Urban,50-54,16857,8816,8041,14531,7616,6915,1548,818,730,612,290,322,0,0,0,3,2,1,132,69,63,6,5,1
C4415,33,06,0000,District - Tiruvannamalai  06,Urban,55-59,13516,6534,6982,11593,5561,6032,1315,680,635,482,235,247,1,1,0,2,0,2,109,47,62,3,2,1
C4415,33,06,0000,District - Tiruvannamalai  06,Urban,60-64,12169,5963,6206,10474,5134,5340,1122,544,578,480,232,248,0,0,0,1,0,1,73,45,28,4,1,3
C4415,33,06,0000,District - Tiruvannamalai  06,Urban,65-69,8417,3952,4465,7293,3426,3867,716,350,366,328,143,185,2,1,1,0,0,0,66,29,37,1,1,0
C4415,33,06,0000,District - Tiruvannamalai  06,Urban,70-74,6208,2999,3209,5399,2597,2802,513,257,256,222,110,112,0,0,0,2,1,1,57,26,31,2,1,1
C4415,33,06,0000,District - Tiruvannamalai  06,Urban,75-79,3177,1645,1532,2810,1453,1357,214,122,92,113,50,63,3,1,2,2,1,1,31,16,15,0,0,0
C4415,33,06,0000,District - Tiruvannamalai  06,Urban,80+,3578,1646,1932,3077,1420,1657,333,138,195,143,73,70,0,0,0,0,0,0,22,13,9,0,0,0
C4415,33,06,0000,District - Tiruvannamalai  06,Urban,Age not stated,604,303,301,522,255,267,55,33,22,16,8,8,0,0,0,1,0,1,1,1,0,0,0,0
C4415,33,07,0000,District - Viluppuram  07,Total,All ages,2960373,1492442,1467931,2726949,1376339,1350610,110120,54901,55219,115745,57326,58419,343,185,158,193,108,85,5092,2593,2499,142,75,67
C4415,33,07,0000,District - Viluppuram  07,Total,0-4,266073,135102,130971,245226,124518,120708,10326,5198,5128,10000,5101,4899,21,10,11,23,14,9,293,175,118,7,3,4
C4415,33,07,0000,District - Viluppuram  07,Total,5-9,298123,152086,146037,274940,140257,134683,10922,5603,5319,11646,5904,5742,28,16,12,20,11,9,386,214,172,15,8,7
C4415,33,07,0000,District - Viluppuram  07,Total,10-14,322283,165173,157110,296416,152101,144315,12111,6104,6007,13175,6661,6514,23,11,12,22,13,9,341,176,165,8,2,6
C4415,33,07,0000,District - Viluppuram  07,Total,15-19,314123,157985,156138,288039,145268,142771,12539,6154,6385,12906,6236,6670,38,21,17,14,11,3,389,194,195,12,10,2
C4415,33,07,0000,District - Viluppuram  07,Total,20-24,269907,137424,132483,246873,126013,120860,11658,5733,5925,10699,5343,5356,28,12,16,24,12,12,481,237,244,14,7,7
C4415,33,07,0000,District - Viluppuram  07,Total,25-29,255123,124036,131087,234726,114269,120457,10219,4864,5355,9479,4531,4948,29,14,15,16,9,7,488,268,220,18,11,7
C4415,33,07,0000,District - Viluppuram  07,Total,30-34,197640,97590,100050,182046,90018,92028,7405,3670,3735,7608,3611,3997,20,11,9,16,8,8,407,209,198,14,7,7
C4415,33,07,0000,District - Viluppuram  07,Total,35-39,218509,104251,114258,202274,96537,105737,7743,3657,4086,7957,3788,4169,26,16,10,11,6,5,361,178,183,14,6,8
C4415,33,07,0000,District - Viluppuram  07,Total,40-44,163488,85497,77991,151398,79326,72072,5499,2857,2642,6195,3117,3078,28,14,14,5,3,2,272,135,137,5,1,4
C4415,33,07,0000,District - Viluppuram  07,Total,45-49,163361,82273,81088,151206,76274,74932,5603,2828,2775,6101,2945,3156,28,20,8,10,6,4,322,150,172,7,5,2
C4415,33,07,0000,District - Viluppuram  07,Total,50-54,123766,63328,60438,114328,58574,55754,4057,2085,1972,4991,2482,2509,17,7,10,8,2,6,293,143,150,5,3,2
C4415,33,07,0000,District - Viluppuram  07,Total,55-59,101947,49734,52213,94190,45879,48311,3329,1692,1637,4104,2009,2095,20,13,7,7,4,3,239,109,130,7,2,5
C4415,33,07,0000,District - Viluppuram  07,Total,60-64,95638,48291,47347,88753,44803,43950,2884,1488,1396,3673,1829,1844,11,5,6,4,3,1,244,123,121,9,5,4
C4415,33,07,0000,District - Viluppuram  07,Total,65-69,63918,31877,32041,58918,29413,29505,2061,1020,1041,2679,1324,1355,7,3,4,4,2,2,206,93,113,5,4,1
C4415,33,07,0000,District - Viluppuram  07,Total,70-74,45864,24742,21122,42125,22760,19365,1524,813,711,2022,1070,952,7,3,4,1,0,1,154,78,76,2,1,1
C4415,33,07,0000,District - Viluppuram  07,Total,75-79,22132,12645,9487,20231,11587,8644,757,424,333,1021,568,453,3,3,0,1,1,0,105,53,52,0,0,0
C4415,33,07,0000,District - Viluppuram  07,Total,80+,22592,12348,10244,20655,11324,9331,834,396,438,994,572,422,4,3,1,3,1,2,86,43,43,0,0,0
C4415,33,07,0000,District - Viluppuram  07,Total,Age not stated,15886,8060,7826,14605,7418,7187,649,315,334,495,235,260,5,3,2,4,2,2,25,15,10,0,0,0
C4415,33,07,0000,District - Viluppuram  07,Rural,All ages,2533456,1277415,1256041,2374471,1198625,1175846,55659,27413,28246,98535,48958,49577,206,112,94,101,56,45,2897,1439,1458,97,52,45
C4415,33,07,0000,District - Viluppuram  07,Rural,0-4,230864,117346,113518,216338,109963,106375,5416,2705,2711,8782,4499,4283,14,6,8,14,9,5,144,94,50,4,2,2
C4415,33,07,0000,District - Viluppuram  07,Rural,5-9,259789,132405,127384,243421,124073,119348,5812,2956,2856,10201,5203,4998,21,12,9,15,9,6,163,84,79,11,7,4
C4415,33,07,0000,District - Viluppuram  07,Rural,10-14,277872,142437,135435,259957,133371,126586,6308,3173,3135,11250,5711,5539,13,5,8,13,7,6,169,79,90,6,1,5
C4415,33,07,0000,District - Viluppuram  07,Rural,15-19,267984,134725,133259,250541,126297,124244,6188,2987,3201,10861,5244,5617,23,11,12,4,4,0,210,99,111,10,9,1
C4415,33,07,0000,District - Viluppuram  07,Rural,20-24,227162,116182,110980,211992,108713,103279,5709,2731,2978,9057,4537,4520,17,8,9,13,4,9,256,127,129,9,5,4
C4415,33,07,0000,District - Viluppuram  07,Rural,25-29,214584,104590,109994,201310,98193,103117,4887,2319,2568,7946,3853,4093,15,9,6,9,5,4,277,146,131,15,8,7
C4415,33,07,0000,District - Viluppuram  07,Rural,30-34,165521,81518,84003,155474,76689,78785,3411,1650,1761,6311,3008,3303,11,7,4,6,3,3,202,113,89,7,3,4
C4415,33,07,0000,District - Viluppuram  07,Rural,35-39,184978,87898,97080,174283,82897,91386,3726,1694,2032,6657,3149,3508,14,9,5,4,2,2,184,93,91,10,4,6
C4415,33,07,0000,District - Viluppuram  07,Rural,40-44,138746,72319,66427,130642,68252,62390,2671,1342,1329,5183,2608,2575,19,8,11,1,1,0,157,74,83,3,1,2
C4415,33,07,0000,District - Viluppuram  07,Rural,45-49,139468,69925,69543,131238,65936,65302,2800,1388,1412,5148,2472,2676,14,10,4,4,2,2,191,76,115,3,3,0
C4415,33,07,0000,District - Viluppuram  07,Rural,50-54,106181,53950,52231,99588,50675,48913,2102,1064,1038,4237,2088,2149,13,7,6,5,2,3,181,88,93,1,0,1
C4415,33,07,0000,District - Viluppuram  07,Rural,55-59,88493,43061,45432,82997,40357,42640,1751,867,884,3515,1733,1782,12,8,4,3,2,1,166,70,96,5,1,4
C4415,33,07,0000,District - Viluppuram  07,Rural,60-64,83352,42205,41147,78428,39720,38708,1558,800,758,3136,1561,1575,5,3,2,1,1,0,170,89,81,7,3,4
C4415,33,07,0000,District - Viluppuram  07,Rural,65-69,55913,28086,27827,52228,26239,25989,1162,593,569,2321,1162,1159,6,3,3,4,2,2,155,70,85,5,4,1
C4415,33,07,0000,District - Viluppuram  07,Rural,70-74,39785,21675,18110,37048,20213,16835,801,445,356,1795,943,852,3,2,1,1,0,1,115,57,58,1,1,0
C4415,33,07,0000,District - Viluppuram  07,Rural,75-79,19032,11005,8027,17649,10223,7426,426,247,179,861,484,377,3,3,0,1,1,0,81,40,41,0,0,0
C4415,33,07,0000,District - Viluppuram  07,Rural,80+,19139,10679,8460,17749,9914,7835,455,230,225,855,494,361,2,1,1,0,0,0,65,33,32,0,0,0
C4415,33,07,0000,District - Viluppuram  07,Rural,Age not stated,14593,7409,7184,13588,6900,6688,476,222,254,419,209,210,1,0,1,3,2,1,11,7,4,0,0,0
C4415,33,07,0000,District - Viluppuram  07,Urban,All ages,426917,215027,211890,352478,177714,174764,54461,27488,26973,17210,8368,8842,137,73,64,92,52,40,2195,1154,1041,45,23,22
C4415,33,07,0000,District - Viluppuram  07,Urban,0-4,35209,17756,17453,28888,14555,14333,4910,2493,2417,1218,602,616,7,4,3,9,5,4,149,81,68,3,1,2
C4415,33,07,0000,District - Viluppuram  07,Urban,5-9,38334,19681,18653,31519,16184,15335,5110,2647,2463,1445,701,744,7,4,3,5,2,3,223,130,93,4,1,3
C4415,33,07,0000,District - Viluppuram  07,Urban,10-14,44411,22736,21675,36459,18730,17729,5803,2931,2872,1925,950,975,10,6,4,9,6,3,172,97,75,2,1,1
C4415,33,07,0000,District - Viluppuram  07,Urban,15-19,46139,23260,22879,37498,18971,18527,6351,3167,3184,2045,992,1053,15,10,5,10,7,3,179,95,84,2,1,1
C4415,33,07,0000,District - Viluppuram  07,Urban,20-24,42745,21242,21503,34881,17300,17581,5949,3002,2947,1642,806,836,11,4,7,11,8,3,225,110,115,5,2,3
C4415,33,07,0000,District - Viluppuram  07,Urban,25-29,40539,19446,21093,33416,16076,17340,5332,2545,2787,1533,678,855,14,5,9,7,4,3,211,122,89,3,3,0
C4415,33,07,0000,District - Viluppuram  07,Urban,30-34,32119,16072,16047,26572,13329,13243,3994,2020,1974,1297,603,694,9,4,5,10,5,5,205,96,109,7,4,3
C4415,33,07,0000,District - Viluppuram  07,Urban,35-39,33531,16353,17178,27991,13640,14351,4017,1963,2054,1300,639,661,12,7,5,7,4,3,177,85,92,4,2,2
C4415,33,07,0000,District - Viluppuram  07,Urban,40-44,24742,13178,11564,20756,11074,9682,2828,1515,1313,1012,509,503,9,6,3,4,2,2,115,61,54,2,0,2
C4415,33,07,0000,District - Viluppuram  07,Urban,45-49,23893,12348,11545,19968,10338,9630,2803,1440,1363,953,473,480,14,10,4,6,4,2,131,74,57,4,2,2
C4415,33,07,0000,District - Viluppuram  07,Urban,50-54,17585,9378,8207,14740,7899,6841,1955,1021,934,754,394,360,4,0,4,3,0,3,112,55,57,4,3,1
C4415,33,07,0000,District - Viluppuram  07,Urban,55-59,13454,6673,6781,11193,5522,5671,1578,825,753,589,276,313,8,5,3,4,2,2,73,39,34,2,1,1
C4415,33,07,0000,District - Viluppuram  07,Urban,60-64,12286,6086,6200,10325,5083,5242,1326,688,638,537,268,269,6,2,4,3,2,1,74,34,40,2,2,0
C4415,33,07,0000,District - Viluppuram  07,Urban,65-69,8005,3791,4214,6690,3174,3516,899,427,472,358,162,196,1,0,1,0,0,0,51,23,28,0,0,0
C4415,33,07,0000,District - Viluppuram  07,Urban,70-74,6079,3067,3012,5077,2547,2530,723,368,355,227,127,100,4,1,3,0,0,0,39,21,18,1,0,1
C4415,33,07,0000,District - Viluppuram  07,Urban,75-79,3100,1640,1460,2582,1364,1218,331,177,154,160,84,76,0,0,0,0,0,0,24,13,11,0,0,0
C4415,33,07,0000,District - Viluppuram  07,Urban,80+,3453,1669,1784,2906,1410,1496,379,166,213,139,78,61,2,2,0,3,1,2,21,10,11,0,0,0
C4415,33,07,0000,District - Viluppuram  07,Urban,Age not stated,1293,651,642,1017,518,499,173,93,80,76,26,50,4,3,1,1,0,1,14,8,6,0,0,0
C4415,33,08,0000,District - Salem  08,Total,All ages,3016346,1563633,1452713,2883909,1496776,1387133,77648,39409,38239,50450,25070,25380,535,331,204,208,123,85,1043,551,492,248,133,115
C4415,33,08,0000,District - Salem  08,Total,0-4,243789,131674,112115,233004,126089,106915,6684,3434,3250,3778,1950,1828,38,23,15,17,8,9,75,48,27,22,10,12
C4415,33,08,0000,District - Salem  08,Total,5-9,276884,148955,127929,265091,142958,122133,7232,3656,3576,4154,2111,2043,48,25,23,17,9,8,87,43,44,24,12,12
C4415,33,08,0000,District - Salem  08,Total,10-14,286275,156660,129615,273277,149866,123411,7832,4009,3823,4746,2565,2181,41,23,18,18,11,7,93,46,47,22,13,9
C4415,33,08,0000,District - Salem  08,Total,15-19,283892,153905,129987,270057,146975,123082,8468,4218,4250,4933,2463,2470,49,33,16,24,21,3,102,53,49,30,18,12
C4415,33,08,0000,District - Salem  08,Total,20-24,269879,137565,132314,256490,131051,125439,8080,3941,4139,4874,2327,2547,63,39,24,14,10,4,107,56,51,31,18,13
C4415,33,08,0000,District - Salem  08,Total,25-29,278137,134265,143872,265314,128209,137105,7668,3694,3974,4756,2159,2597,53,34,19,18,9,9,111,54,57,22,12,10
C4415,33,08,0000,District - Salem  08,Total,30-34,229357,115503,113854,218923,110230,108693,5966,3069,2897,4145,2025,2120,37,25,12,26,14,12,94,55,39,14,6,8
C4415,33,08,0000,District - Salem  08,Total,35-39,250727,123164,127563,239968,117885,122083,6287,3150,3137,4146,1960,2186,45,26,19,8,4,4,84,45,39,19,7,12
C4415,33,08,0000,District - Salem  08,Total,40-44,192459,103360,89099,184400,99111,85289,4537,2458,2079,3265,1650,1615,30,22,8,12,8,4,69,33,36,19,12,7
C4415,33,08,0000,District - Salem  08,Total,45-49,176524,91120,85404,169163,87192,81971,4097,2243,1854,3034,1565,1469,35,19,16,12,3,9,61,34,27,12,9,3
C4415,33,08,0000,District - Salem  08,Total,50-54,138301,72298,66003,132802,69337,63465,3043,1680,1363,2273,1184,1089,22,15,7,10,6,4,41,27,14,8,7,1
C4415,33,08,0000,District - Salem  08,Total,55-59,107443,52934,54509,103165,50760,52405,2302,1168,1134,1827,916,911,24,17,7,8,6,2,33,17,16,1,0,1
C4415,33,08,0000,District - Salem  08,Total,60-64,101822,51251,50571,98118,49417,48701,1993,984,1009,1583,781,802,17,12,5,7,5,2,24,11,13,7,2,5
C4415,33,08,0000,District - Salem  08,Total,65-69,63209,30500,32709,60856,29380,31476,1248,619,629,1031,465,566,12,5,7,4,3,1,23,12,11,2,0,2
C4415,33,08,0000,District - Salem  08,Total,70-74,51994,26523,25471,50253,25685,24568,910,426,484,768,381,387,7,3,4,3,1,2,18,9,9,7,4,3
C4415,33,08,0000,District - Salem  08,Total,75-79,22736,12112,10624,21900,11684,10216,403,210,193,403,205,198,3,1,2,2,0,2,6,3,3,5,2,3
C4415,33,08,0000,District - Salem  08,Total,80+,29032,14451,14581,28030,13983,14047,517,240,277,447,209,238,5,4,1,4,3,1,5,1,4,3,1,2
C4415,33,08,0000,District - Salem  08,Total,Age not stated,13886,7393,6493,13098,6964,6134,381,210,171,287,154,133,6,5,1,4,2,2,10,4,6,0,0,0
C4415,33,08,0000,District - Salem  08,Rural,All ages,1626162,852453,773709,1597113,837680,759433,9757,5011,4746,17776,8897,8879,194,129,65,79,51,28,41,20,21,70,38,32
C4415,33,08,0000,District - Salem  08,Rural,0-4,136130,75025,61105,133694,73783,59911,881,456,425,1430,704,726,14,9,5,5,4,1,5,4,1,5,1,4
C4415,33,08,0000,District - Salem  08,Rural,5-9,153932,84632,69300,151229,83229,68000,908,451,457,1633,849,784,20,9,11,3,2,1,3,3,0,7,5,2
C4415,33,08,0000,District - Salem  08,Rural,10-14,157171,88314,68857,154178,86644,67534,1072,589,483,1772,999,773,20,12,8,10,8,2,4,2,2,8,4,4
C4415,33,08,0000,District - Salem  08,Rural,15-19,151480,84312,67168,148464,82702,65762,1053,583,470,1818,943,875,18,13,5,11,9,2,3,1,2,9,5,4
C4415,33,08,0000,District - Salem  08,Rural,20-24,141051,73492,67559,138268,72133,66135,1022,523,499,1642,756,886,15,11,4,4,3,1,0,0,0,8,4,4
C4415,33,08,0000,District - Salem  08,Rural,25-29,146697,71116,75581,144050,69888,74162,888,406,482,1619,747,872,17,13,4,8,4,4,11,3,8,9,6,3
C4415,33,08,0000,District - Salem  08,Rural,30-34,118863,59536,59327,116673,58493,58180,703,337,366,1395,659,736,10,7,3,9,5,4,5,3,2,2,0,2
C4415,33,08,0000,District - Salem  08,Rural,35-39,134110,65327,68783,131748,64191,67557,814,394,420,1438,693,745,15,7,8,3,0,3,4,1,3,8,3,5
C4415,33,08,0000,District - Salem  08,Rural,40-44,101828,54648,47180,100071,53723,46348,548,302,246,1125,573,552,13,11,2,5,3,2,2,1,1,4,2,2
C4415,33,08,0000,District - Salem  08,Rural,45-49,94620,48145,46475,93059,47309,45750,516,300,216,966,499,467,14,8,6,6,1,5,1,1,0,2,2,0
C4415,33,08,0000,District - Salem  08,Rural,50-54,74250,38421,35829,73125,37837,35288,349,181,168,712,371,341,5,4,1,4,4,0,0,0,0,3,3,0
C4415,33,08,0000,District - Salem  08,Rural,55-59,58692,28876,29816,57721,28387,29334,306,150,156,602,298,304,15,12,3,1,1,0,1,0,1,1,0,1
C4415,33,08,0000,District - Salem  08,Rural,60-64,57295,29075,28220,56425,28653,27772,265,120,145,560,276,284,5,4,1,3,2,1,1,0,1,1,1,0
C4415,33,08,0000,District - Salem  08,Rural,65-69,34887,16913,17974,34382,16677,17705,143,74,69,337,149,188,5,3,2,2,2,0,0,0,0,0,0,0
C4415,33,08,0000,District - Salem  08,Rural,70-74,29996,15651,14345,29567,15431,14136,135,71,64,278,138,140,2,2,0,0,0,0,1,1,0,1,1,0
C4415,33,08,0000,District - Salem  08,Rural,75-79,12432,6816,5616,12221,6708,5513,47,25,22,155,80,75,1,0,1,1,0,1,0,0,0,0,0,0
C4415,33,08,0000,District - Salem  08,Rural,80+,16325,8574,7751,16065,8446,7619,70,29,41,173,89,84,1,1,0,2,2,0,0,0,0,2,1,1
C4415,33,08,0000,District - Salem  08,Rural,Age not stated,6403,3580,2823,6173,3446,2727,37,20,17,121,74,47,4,3,1,2,1,1,0,0,0,0,0,0
C4415,33,08,0000,District - Salem  08,Urban,All ages,1390184,711180,679004,1286796,659096,627700,67891,34398,33493,32674,16173,16501,341,202,139,129,72,57,1002,531,471,178,95,83
C4415,33,08,0000,District - Salem  08,Urban,0-4,107659,56649,51010,99310,52306,47004,5803,2978,2825,2348,1246,1102,24,14,10,12,4,8,70,44,26,17,9,8
C4415,33,08,0000,District - Salem  08,Urban,5-9,122952,64323,58629,113862,59729,54133,6324,3205,3119,2521,1262,1259,28,16,12,14,7,7,84,40,44,17,7,10
C4415,33,08,0000,District - Salem  08,Urban,10-14,129104,68346,60758,119099,63222,55877,6760,3420,3340,2974,1566,1408,21,11,10,8,3,5,89,44,45,14,9,5
C4415,33,08,0000,District - Salem  08,Urban,15-19,132412,69593,62819,121593,64273,57320,7415,3635,3780,3115,1520,1595,31,20,11,13,12,1,99,52,47,21,13,8
C4415,33,08,0000,District - Salem  08,Urban,20-24,128828,64073,64755,118222,58918,59304,7058,3418,3640,3232,1571,1661,48,28,20,10,7,3,107,56,51,23,14,9
C4415,33,08,0000,District - Salem  08,Urban,25-29,131440,63149,68291,121264,58321,62943,6780,3288,3492,3137,1412,1725,36,21,15,10,5,5,100,51,49,13,6,7
C4415,33,08,0000,District - Salem  08,Urban,30-34,110494,55967,54527,102250,51737,50513,5263,2732,2531,2750,1366,1384,27,18,9,17,9,8,89,52,37,12,6,6
C4415,33,08,0000,District - Salem  08,Urban,35-39,116617,57837,58780,108220,53694,54526,5473,2756,2717,2708,1267,1441,30,19,11,5,4,1,80,44,36,11,4,7
C4415,33,08,0000,District - Salem  08,Urban,40-44,90631,48712,41919,84329,45388,38941,3989,2156,1833,2140,1077,1063,17,11,6,7,5,2,67,32,35,15,10,5
C4415,33,08,0000,District - Salem  08,Urban,45-49,81904,42975,38929,76104,39883,36221,3581,1943,1638,2068,1066,1002,21,11,10,6,2,4,60,33,27,10,7,3
C4415,33,08,0000,District - Salem  08,Urban,50-54,64051,33877,30174,59677,31500,28177,2694,1499,1195,1561,813,748,17,11,6,6,2,4,41,27,14,5,4,1
C4415,33,08,0000,District - Salem  08,Urban,55-59,48751,24058,24693,45444,22373,23071,1996,1018,978,1225,618,607,9,5,4,7,5,2,32,17,15,0,0,0
C4415,33,08,0000,District - Salem  08,Urban,60-64,44527,22176,22351,41693,20764,20929,1728,864,864,1023,505,518,12,8,4,4,3,1,23,11,12,6,1,5
C4415,33,08,0000,District - Salem  08,Urban,65-69,28322,13587,14735,26474,12703,13771,1105,545,560,694,316,378,7,2,5,2,1,1,23,12,11,2,0,2
C4415,33,08,0000,District - Salem  08,Urban,70-74,21998,10872,11126,20686,10254,10432,775,355,420,490,243,247,5,1,4,3,1,2,17,8,9,6,3,3
C4415,33,08,0000,District - Salem  08,Urban,75-79,10304,5296,5008,9679,4976,4703,356,185,171,248,125,123,2,1,1,1,0,1,6,3,3,5,2,3
C4415,33,08,0000,District - Salem  08,Urban,80+,12707,5877,6830,11965,5537,6428,447,211,236,274,120,154,4,3,1,2,1,1,5,1,4,1,0,1
C4415,33,08,0000,District - Salem  08,Urban,Age not stated,7483,3813,3670,6925,3518,3407,344,190,154,166,80,86,2,2,0,2,1,1,10,4,6,0,0,0
C4415,33,09,0000,District - Namakkal   *  09,Total,All ages,1493462,759551,733911,1451966,738907,713059,26907,13429,13478,13137,6411,6726,117,71,46,40,29,11,80,43,37,124,72,52
C4415,33,09,0000,District - Namakkal   *  09,Total,0-4,105782,55947,49835,102362,54154,48208,2362,1243,1119,973,501,472,6,4,2,4,2,2,2,1,1,4,3,1
C4415,33,09,0000,District - Namakkal   *  09,Total,5-9,119620,63010,56610,115982,61146,54836,2562,1287,1275,974,513,461,10,3,7,0,0,0,9,6,3,10,7,3
C4415,33,09,0000,District - Namakkal   *  09,Total,10-14,124861,66469,58392,121206,64610,56596,2497,1270,1227,1057,532,525,5,3,2,1,1,0,6,4,2,10,5,5
C4415,33,09,0000,District - Namakkal   *  09,Total,15-19,134482,71366,63116,129826,69066,60760,2825,1423,1402,1690,798,892,13,8,5,4,3,1,8,2,6,9,5,4
C4415,33,09,0000,District - Namakkal   *  09,Total,20-24,131114,65741,65373,126542,63687,62855,2740,1275,1465,1707,713,994,14,8,6,4,1,3,9,3,6,11,7,4
C4415,33,09,0000,District - Namakkal   *  09,Total,25-29,132718,63837,68881,128815,61982,66833,2602,1221,1381,1183,561,622,12,10,2,3,3,0,8,6,2,8,5,3
C4415,33,09,0000,District - Namakkal   *  09,Total,30-34,113175,56982,56193,109928,55379,54549,2133,1047,1086,1024,516,508,8,5,3,0,0,0,6,3,3,11,6,5
C4415,33,09,0000,District - Namakkal   *  09,Total,35-39,123040,59381,63659,119765,57778,61987,2164,1066,1098,1006,483,523,10,5,5,3,1,2,5,5,0,9,6,3
C4415,33,09,0000,District - Namakkal   *  09,Total,40-44,98702,51500,47202,96221,50227,45994,1618,834,784,769,394,375,8,6,2,4,4,0,4,2,2,12,4,8
C4415,33,09,0000,District - Namakkal   *  09,Total,45-49,96096,48414,47682,93828,47213,46615,1456,776,680,730,368,362,10,8,2,1,1,0,7,4,3,7,5,2
C4415,33,09,0000,District - Namakkal   *  09,Total,50-54,76545,39125,37420,74861,38233,36628,1079,572,507,543,288,255,1,1,0,1,1,0,2,0,2,9,6,3
C4415,33,09,0000,District - Namakkal   *  09,Total,55-59,62605,30577,32028,61299,29922,31377,816,410,406,435,219,216,4,4,0,4,4,0,4,3,1,6,1,5
C4415,33,09,0000,District - Namakkal   *  09,Total,60-64,57951,29086,28865,56821,28502,28319,709,366,343,352,184,168,4,3,1,4,4,0,2,0,2,7,3,4
C4415,33,09,0000,District - Namakkal   *  09,Total,65-69,37072,17624,19448,36370,17292,19078,434,203,231,224,104,120,5,1,4,1,1,0,4,1,3,2,2,0
C4415,33,09,0000,District - Namakkal   *  09,Total,70-74,29724,14841,14883,29188,14592,14596,338,150,188,165,78,87,1,0,1,2,1,1,1,1,0,3,3,0
C4415,33,09,0000,District - Namakkal   *  09,Total,75-79,14073,7330,6743,13840,7191,6649,126,73,53,91,58,33,1,0,1,0,0,0,1,0,1,3,2,1
C4415,33,09,0000,District - Namakkal   *  09,Total,80+,16125,8126,7999,15867,8010,7857,149,62,87,94,47,47,0,0,0,1,1,0,0,0,0,2,1,1
C4415,33,09,0000,District - Namakkal   *  09,Total,Age not stated,19777,10195,9582,19245,9923,9322,297,151,146,120,54,66,5,2,3,3,1,2,2,2,0,1,1,0
C4415,33,09,0000,District - Namakkal   *  09,Rural,All ages,948230,482365,465865,931737,474193,457544,8097,4026,4071,7373,3582,3791,74,44,30,31,24,7,45,23,22,40,25,15
C4415,33,09,0000,District - Namakkal   *  09,Rural,0-4,67076,35739,31337,65748,35034,30714,712,376,336,556,292,264,3,3,0,2,1,1,1,0,1,2,2,0
C4415,33,09,0000,District - Namakkal   *  09,Rural,5-9,74607,39636,34971,73272,38946,34326,747,371,376,526,282,244,5,0,5,0,0,0,4,3,1,5,4,1
C4415,33,09,0000,District - Namakkal   *  09,Rural,10-14,78069,41852,36217,76717,41158,35559,746,366,380,538,290,248,3,2,1,0,0,0,2,1,1,1,1,0
C4415,33,09,0000,District - Namakkal   *  09,Rural,15-19,83934,44746,39188,82028,43818,38210,825,438,387,978,433,545,8,6,2,2,1,1,5,2,3,2,1,1
C4415,33,09,0000,District - Namakkal   *  09,Rural,20-24,81967,41323,40644,79944,40432,39512,855,400,455,1082,447,635,8,4,4,3,1,2,5,1,4,6,4,2
C4415,33,09,0000,District - Namakkal   *  09,Rural,25-29,82842,40108,42734,81338,39376,41962,758,356,402,665,325,340,4,3,1,3,3,0,4,2,2,3,0,3
C4415,33,09,0000,District - Namakkal   *  09,Rural,30-34,69781,35146,34635,68543,34545,33998,624,298,326,556,282,274,4,2,2,0,0,0,2,1,1,3,2,1
C4415,33,09,0000,District - Namakkal   *  09,Rural,35-39,76961,36816,40145,75762,36249,39513,613,291,322,513,238,275,6,2,4,1,1,0,4,4,0,3,3,0
C4415,33,09,0000,District - Namakkal   *  09,Rural,40-44,61696,31809,29887,60720,31316,29404,508,255,253,404,206,198,7,6,1,4,4,0,3,1,2,3,0,3
C4415,33,09,0000,District - Namakkal   *  09,Rural,45-49,61906,30739,31167,61030,30287,30743,446,236,210,366,171,195,10,8,2,1,1,0,5,4,1,1,1,0
C4415,33,09,0000,District - Namakkal   *  09,Rural,50-54,50184,25248,24936,49482,24887,24595,361,189,172,297,149,148,0,0,0,1,1,0,2,0,2,4,2,2
C4415,33,09,0000,District - Namakkal   *  09,Rural,55-59,41738,20308,21430,41156,20016,21140,272,132,140,271,142,129,3,3,0,3,3,0,2,1,1,1,1,0
C4415,33,09,0000,District - Namakkal   *  09,Rural,60-64,39452,19725,19727,38964,19477,19487,233,123,110,203,98,105,3,2,1,4,4,0,1,0,1,2,1,1
C4415,33,09,0000,District - Namakkal   *  09,Rural,65-69,25303,12077,13226,24980,11914,13066,150,73,77,141,71,70,4,1,3,1,1,0,3,1,2,0,0,0
C4415,33,09,0000,District - Namakkal   *  09,Rural,70-74,20798,10473,10325,20561,10348,10213,105,51,54,105,58,47,1,0,1,2,1,1,1,1,0,1,1,0
C4415,33,09,0000,District - Namakkal   *  09,Rural,75-79,9705,5055,4650,9605,4997,4608,27,14,13,61,38,23,1,0,1,0,0,0,0,0,0,2,1,1
C4415,33,09,0000,District - Namakkal   *  09,Rural,80+,11341,5887,5454,11234,5835,5399,41,17,24,55,30,25,0,0,0,1,1,0,0,0,0,1,1,0
C4415,33,09,0000,District - Namakkal   *  09,Rural,Age not stated,10870,5678,5192,10653,5558,5095,74,40,34,56,30,26,4,2,2,3,1,2,1,1,0,0,0,0
C4415,33,09,0000,District - Namakkal   *  09,Urban,All ages,545232,277186,268046,520229,264714,255515,18810,9403,9407,5764,2829,2935,43,27,16,9,5,4,35,20,15,84,47,37
C4415,33,09,0000,District - Namakkal   *  09,Urban,0-4,38706,20208,18498,36614,19120,17494,1650,867,783,417,209,208,3,1,2,2,1,1,1,1,0,2,1,1
C4415,33,09,0000,District - Namakkal   *  09,Urban,5-9,45013,23374,21639,42710,22200,20510,1815,916,899,448,231,217,5,3,2,0,0,0,5,3,2,5,3,2
C4415,33,09,0000,District - Namakkal   *  09,Urban,10-14,46792,24617,22175,44489,23452,21037,1751,904,847,519,242,277,2,1,1,1,1,0,4,3,1,9,4,5
C4415,33,09,0000,District - Namakkal   *  09,Urban,15-19,50548,26620,23928,47798,25248,22550,2000,985,1015,712,365,347,5,2,3,2,2,0,3,0,3,7,4,3
C4415,33,09,0000,District - Namakkal   *  09,Urban,20-24,49147,24418,24729,46598,23255,23343,1885,875,1010,625,266,359,6,4,2,1,0,1,4,2,2,5,3,2
C4415,33,09,0000,District - Namakkal   *  09,Urban,25-29,49876,23729,26147,47477,22606,24871,1844,865,979,518,236,282,8,7,1,0,0,0,4,4,0,5,5,0
C4415,33,09,0000,District - Namakkal   *  09,Urban,30-34,43394,21836,21558,41385,20834,20551,1509,749,760,468,234,234,4,3,1,0,0,0,4,2,2,8,4,4
C4415,33,09,0000,District - Namakkal   *  09,Urban,35-39,46079,22565,23514,44003,21529,22474,1551,775,776,493,245,248,4,3,1,2,0,2,1,1,0,6,3,3
C4415,33,09,0000,District - Namakkal   *  09,Urban,40-44,37006,19691,17315,35501,18911,16590,1110,579,531,365,188,177,1,0,1,0,0,0,1,1,0,9,4,5
C4415,33,09,0000,District - Namakkal   *  09,Urban,45-49,34190,17675,16515,32798,16926,15872,1010,540,470,364,197,167,0,0,0,0,0,0,2,0,2,6,4,2
C4415,33,09,0000,District - Namakkal   *  09,Urban,50-54,26361,13877,12484,25379,13346,12033,718,383,335,246,139,107,1,1,0,0,0,0,0,0,0,5,4,1
C4415,33,09,0000,District - Namakkal   *  09,Urban,55-59,20867,10269,10598,20143,9906,10237,544,278,266,164,77,87,1,1,0,1,1,0,2,2,0,5,0,5
C4415,33,09,0000,District - Namakkal   *  09,Urban,60-64,18499,9361,9138,17857,9025,8832,476,243,233,149,86,63,1,1,0,0,0,0,1,0,1,5,2,3
C4415,33,09,0000,District - Namakkal   *  09,Urban,65-69,11769,5547,6222,11390,5378,6012,284,130,154,83,33,50,1,0,1,0,0,0,1,0,1,2,2,0
C4415,33,09,0000,District - Namakkal   *  09,Urban,70-74,8926,4368,4558,8627,4244,4383,233,99,134,60,20,40,0,0,0,0,0,0,0,0,0,2,2,0
C4415,33,09,0000,District - Namakkal   *  09,Urban,75-79,4368,2275,2093,4235,2194,2041,99,59,40,30,20,10,0,0,0,0,0,0,1,0,1,1,1,0
C4415,33,09,0000,District - Namakkal   *  09,Urban,80+,4784,2239,2545,4633,2175,2458,108,45,63,39,17,22,0,0,0,0,0,0,0,0,0,1,0,1
C4415,33,09,0000,District - Namakkal   *  09,Urban,Age not stated,8907,4517,4390,8592,4365,4227,223,111,112,64,24,40,1,0,1,0,0,0,1,1,0,1,1,0
C4415,33,10,0000,District - Erode  10,Total,All ages,2581500,1309278,1272222,2443644,1240150,1203494,77211,39044,38167,55414,27368,28046,329,197,132,78,45,33,1298,689,609,271,145,126
C4415,33,10,0000,District - Erode  10,Total,0-4,174934,89952,84982,164231,84560,79671,6462,3267,3195,3823,1906,1917,27,14,13,2,2,0,113,62,51,26,11,15
C4415,33,10,0000,District - Erode  10,Total,5-9,194935,100273,94662,183578,94424,89154,6899,3560,3339,4039,2074,1965,24,16,8,5,3,2,128,69,59,22,11,11
C4415,33,10,0000,District - Erode  10,Total,10-14,207181,107324,99857,194939,101054,93885,7252,3677,3575,4542,2362,2180,27,18,9,10,4,6,135,66,69,24,16,8
C4415,33,10,0000,District - Erode  10,Total,15-19,223276,116287,106989,209445,109462,99983,8353,4100,4253,4985,2492,2493,28,14,14,8,6,2,143,73,70,20,12,8
C4415,33,10,0000,District - Erode  10,Total,20-24,222396,110458,111938,208483,103705,104778,7972,3875,4097,5452,2625,2827,33,20,13,8,6,2,125,76,49,24,13,11
C4415,33,10,0000,District - Erode  10,Total,25-29,232232,110457,121775,218720,104017,114703,7804,3797,4007,5258,2416,2842,35,18,17,11,6,5,129,66,63,36,15,21
C4415,33,10,0000,District - Erode  10,Total,30-34,200930,100394,100536,189773,94868,94905,6103,3077,3026,4651,2227,2424,37,27,10,6,4,2,118,61,57,26,18,8
C4415,33,10,0000,District - Erode  10,Total,35-39,223658,108699,114959,212297,103016,109281,6339,3193,3146,4650,2302,2348,28,16,12,6,3,3,108,58,50,16,9,7
C4415,33,10,0000,District - Erode  10,Total,40-44,178960,94295,84665,170265,89714,80551,4735,2542,2193,3645,1884,1761,23,16,7,4,4,0,83,42,41,10,3,7
C4415,33,10,0000,District - Erode  10,Total,45-49,174276,89359,84917,166194,85063,81131,4316,2347,1969,3465,1780,1685,20,13,7,3,2,1,67,40,27,19,10,9
C4415,33,10,0000,District - Erode  10,Total,50-54,138159,72282,65877,132081,69145,62936,3071,1641,1430,2804,1383,1421,14,11,3,4,3,1,27,17,10,12,5,7
C4415,33,10,0000,District - Erode  10,Total,55-59,115266,58015,57251,110356,55612,54744,2454,1259,1195,2272,1067,1205,8,3,5,3,1,2,40,13,27,11,4,7
C4415,33,10,0000,District - Erode  10,Total,60-64,102072,52654,49418,97964,50604,47360,1924,956,968,2008,997,1011,8,2,6,5,1,4,27,16,11,15,12,3
C4415,33,10,0000,District - Erode  10,Total,65-69,69596,34588,35008,66841,33239,33602,1299,647,652,1340,633,707,5,5,0,1,0,1,20,13,7,5,4,1
C4415,33,10,0000,District - Erode  10,Total,70-74,54513,28207,26306,52492,27209,25283,896,456,440,1045,504,541,4,2,2,1,0,1,7,2,5,1,0,1
C4415,33,10,0000,District - Erode  10,Total,75-79,28612,15136,13476,27563,14595,12968,465,232,233,548,289,259,4,1,3,0,0,0,13,7,6,0,0,0
C4415,33,10,0000,District - Erode  10,Total,80+,32296,16429,15867,31077,15864,15213,502,233,269,669,308,361,3,1,2,0,0,0,9,4,5,3,1,2
C4415,33,10,0000,District - Erode  10,Total,Age not stated,8208,4469,3739,7345,3999,3346,365,185,180,218,119,99,1,0,1,1,0,1,6,4,2,1,1,0
C4415,33,10,0000,District - Erode  10,Rural,All ages,1387537,705436,682101,1352824,688120,664704,10704,5372,5332,21737,10751,10986,127,83,44,27,16,11,44,18,26,85,49,36
C4415,33,10,0000,District - Erode  10,Rural,0-4,93966,48594,45372,91371,47279,44092,941,471,470,1485,754,731,10,5,5,0,0,0,3,1,2,6,3,3
C4415,33,10,0000,District - Erode  10,Rural,5-9,103662,53415,50247,100929,52041,48888,948,473,475,1606,809,797,7,5,2,1,1,0,2,1,1,5,4,1
C4415,33,10,0000,District - Erode  10,Rural,10-14,108685,56490,52195,105663,54948,50715,1098,545,553,1740,908,832,4,1,3,4,2,2,4,2,2,6,5,1
C4415,33,10,0000,District - Erode  10,Rural,15-19,116997,62045,54952,113689,60346,53343,1134,582,552,1978,1019,959,11,6,5,3,3,0,3,1,2,9,6,3
C4415,33,10,0000,District - Erode  10,Rural,20-24,114611,58123,56488,111324,56478,54846,1008,500,508,2067,1022,1045,12,6,6,6,4,2,3,0,3,11,7,4
C4415,33,10,0000,District - Erode  10,Rural,25-29,120404,57701,62703,117163,56157,61006,986,481,505,2065,956,1109,13,9,4,2,0,2,6,5,1,9,5,4
C4415,33,10,0000,District - Erode  10,Rural,30-34,103622,51743,51879,100897,50420,50477,833,401,432,1732,829,903,20,17,3,2,2,0,2,0,2,5,5,0
C4415,33,10,0000,District - Erode  10,Rural,35-39,118404,56886,61518,115585,55499,60086,869,432,437,1778,877,901,13,8,5,1,0,1,5,2,3,3,1,2
C4415,33,10,0000,District - Erode  10,Rural,40-44,94915,49528,45387,92706,48398,44308,652,335,317,1417,730,687,6,6,0,2,2,0,2,1,1,5,0,5
C4415,33,10,0000,District - Erode  10,Rural,45-49,94773,47749,47024,92675,46662,46013,608,329,279,1351,679,672,9,7,2,1,1,0,1,1,0,7,4,3
C4415,33,10,0000,District - Erode  10,Rural,50-54,76612,39501,37111,74975,38656,36319,455,255,200,1080,536,544,6,5,1,1,1,0,2,1,1,4,1,3
C4415,33,10,0000,District - Erode  10,Rural,55-59,65477,32730,32747,64098,32099,31999,353,169,184,924,419,505,6,2,4,1,0,1,8,1,7,7,2,5
C4415,33,10,0000,District - Erode  10,Rural,60-64,59766,31023,28743,58560,30424,28136,303,151,152,810,395,415,2,1,1,2,0,2,1,0,1,4,3,1
C4415,33,10,0000,District - Erode  10,Rural,65-69,41380,20620,20760,40522,20216,20306,197,91,106,598,279,319,2,2,0,0,0,0,0,0,0,2,2,0
C4415,33,10,0000,District - Erode  10,Rural,70-74,33392,17525,15867,32753,17213,15540,122,61,61,470,227,243,2,1,1,1,0,1,0,0,0,0,0,0
C4415,33,10,0000,District - Erode  10,Rural,75-79,17444,9404,8040,17117,9230,7887,74,40,34,236,124,112,2,1,1,0,0,0,2,2,0,0,0,0
C4415,33,10,0000,District - Erode  10,Rural,80+,19706,10336,9370,19263,10129,9134,87,40,47,330,153,177,1,1,0,0,0,0,0,0,0,2,1,1
C4415,33,10,0000,District - Erode  10,Rural,Age not stated,3721,2023,1698,3534,1925,1609,36,16,20,70,35,35,1,0,1,0,0,0,0,0,0,0,0,0
C4415,33,10,0000,District - Erode  10,Urban,All ages,1193963,603842,590121,1090820,552030,538790,66507,33672,32835,33677,16617,17060,202,114,88,51,29,22,1254,671,583,186,96,90
C4415,33,10,0000,District - Erode  10,Urban,0-4,80968,41358,39610,72860,37281,35579,5521,2796,2725,2338,1152,1186,17,9,8,2,2,0,110,61,49,20,8,12
C4415,33,10,0000,District - Erode  10,Urban,5-9,91273,46858,44415,82649,42383,40266,5951,3087,2864,2433,1265,1168,17,11,6,4,2,2,126,68,58,17,7,10
C4415,33,10,0000,District - Erode  10,Urban,10-14,98496,50834,47662,89276,46106,43170,6154,3132,3022,2802,1454,1348,23,17,6,6,2,4,131,64,67,18,11,7
C4415,33,10,0000,District - Erode  10,Urban,15-19,106279,54242,52037,95756,49116,46640,7219,3518,3701,3007,1473,1534,17,8,9,5,3,2,140,72,68,11,6,5
C4415,33,10,0000,District - Erode  10,Urban,20-24,107785,52335,55450,97159,47227,49932,6964,3375,3589,3385,1603,1782,21,14,7,2,2,0,122,76,46,13,6,7
C4415,33,10,0000,District - Erode  10,Urban,25-29,111828,52756,59072,101557,47860,53697,6818,3316,3502,3193,1460,1733,22,9,13,9,6,3,123,61,62,27,10,17
C4415,33,10,0000,District - Erode  10,Urban,30-34,97308,48651,48657,88876,44448,44428,5270,2676,2594,2919,1398,1521,17,10,7,4,2,2,116,61,55,21,13,8
C4415,33,10,0000,District - Erode  10,Urban,35-39,105254,51813,53441,96712,47517,49195,5470,2761,2709,2872,1425,1447,15,8,7,5,3,2,103,56,47,13,8,5
C4415,33,10,0000,District - Erode  10,Urban,40-44,84045,44767,39278,77559,41316,36243,4083,2207,1876,2228,1154,1074,17,10,7,2,2,0,81,41,40,5,3,2
C4415,33,10,0000,District - Erode  10,Urban,45-49,79503,41610,37893,73519,38401,35118,3708,2018,1690,2114,1101,1013,11,6,5,2,1,1,66,39,27,12,6,6
C4415,33,10,0000,District - Erode  10,Urban,50-54,61547,32781,28766,57106,30489,26617,2616,1386,1230,1724,847,877,8,6,2,3,2,1,25,16,9,8,4,4
C4415,33,10,0000,District - Erode  10,Urban,55-59,49789,25285,24504,46258,23513,22745,2101,1090,1011,1348,648,700,2,1,1,2,1,1,32,12,20,4,2,2
C4415,33,10,0000,District - Erode  10,Urban,60-64,42306,21631,20675,39404,20180,19224,1621,805,816,1198,602,596,6,1,5,3,1,2,26,16,10,11,9,2
C4415,33,10,0000,District - Erode  10,Urban,65-69,28216,13968,14248,26319,13023,13296,1102,556,546,742,354,388,3,3,0,1,0,1,20,13,7,3,2,1
C4415,33,10,0000,District - Erode  10,Urban,70-74,21121,10682,10439,19739,9996,9743,774,395,379,575,277,298,2,1,1,0,0,0,7,2,5,1,0,1
C4415,33,10,0000,District - Erode  10,Urban,75-79,11168,5732,5436,10446,5365,5081,391,192,199,312,165,147,2,0,2,0,0,0,11,5,6,0,0,0
C4415,33,10,0000,District - Erode  10,Urban,80+,12590,6093,6497,11814,5735,6079,415,193,222,339,155,184,2,0,2,0,0,0,9,4,5,1,0,1
C4415,33,10,0000,District - Erode  10,Urban,Age not stated,4487,2446,2041,3811,2074,1737,329,169,160,148,84,64,0,0,0,1,0,1,6,4,2,1,1,0
C4415,33,11,0000,District - The Nilgiris  11,Total,All ages,762141,378351,383790,599047,298369,300678,72766,35841,36925,87272,42392,44880,342,187,155,348,183,165,1229,646,583,167,78,89
C4415,33,11,0000,District - The Nilgiris  11,Total,0-4,60427,30378,30049,46561,23483,23078,7235,3603,3632,6444,3188,3256,32,21,11,23,11,12,78,41,37,13,8,5
C4415,33,11,0000,District - The Nilgiris  11,Total,5-9,65196,33139,32057,50675,25754,24921,7276,3703,3573,7003,3546,3457,40,22,18,39,21,18,111,57,54,15,9,6
C4415,33,11,0000,District - The Nilgiris  11,Total,10-14,73430,37180,36250,55977,28288,27689,8637,4387,4250,8054,3991,4063,33,18,15,77,41,36,130,76,54,12,3,9
C4415,33,11,0000,District - The Nilgiris  11,Total,15-19,76068,37609,38459,59156,29498,29658,8498,3994,4504,8107,3936,4171,26,14,12,45,20,25,120,68,52,5,2,3
C4415,33,11,0000,District - The Nilgiris  11,Total,20-24,75098,36326,38772,58663,28482,30181,8018,3890,4128,8214,3845,4369,17,9,8,33,21,12,98,52,46,15,9,6
C4415,33,11,0000,District - The Nilgiris  11,Total,25-29,73083,34556,38527,57549,27304,30245,6948,3232,3716,8394,3926,4468,25,6,19,27,11,16,84,46,38,20,4,16
C4415,33,11,0000,District - The Nilgiris  11,Total,30-34,60417,29774,30643,47507,23538,23969,5264,2584,2680,7439,3562,3877,44,19,25,9,4,5,110,45,65,11,6,5
C4415,33,11,0000,District - The Nilgiris  11,Total,35-39,65513,31253,34260,52278,24840,27438,5469,2632,2837,7544,3666,3878,31,18,13,19,12,7,129,65,64,14,9,5
C4415,33,11,0000,District - The Nilgiris  11,Total,40-44,50087,26130,23957,40226,20996,19230,3809,2025,1784,5892,3017,2875,20,11,9,17,8,9,96,57,39,10,4,6
C4415,33,11,0000,District - The Nilgiris  11,Total,45-49,48302,24619,23683,39079,19956,19123,3623,1868,1755,5460,2717,2743,23,17,6,9,4,5,73,41,32,8,3,5
C4415,33,11,0000,District - The Nilgiris  11,Total,50-54,35366,18779,16587,28525,15225,13300,2397,1312,1085,4338,2183,2155,14,10,4,16,10,6,43,21,22,13,6,7
C4415,33,11,0000,District - The Nilgiris  11,Total,55-59,26256,13454,12802,21128,10905,10223,1842,914,928,3207,1589,1618,7,6,1,10,4,6,41,22,19,8,7,1
C4415,33,11,0000,District - The Nilgiris  11,Total,60-64,20753,10209,10544,16670,8241,8429,1408,693,715,2601,1234,1367,5,4,1,11,8,3,38,17,21,3,1,2
C4415,33,11,0000,District - The Nilgiris  11,Total,65-69,13160,6136,7024,10333,4889,5444,977,449,528,1798,771,1027,5,2,3,4,3,1,31,15,16,6,2,4
C4415,33,11,0000,District - The Nilgiris  11,Total,70-74,8872,4106,4766,7018,3298,3720,572,235,337,1253,554,699,4,2,2,1,1,0,16,10,6,2,0,2
C4415,33,11,0000,District - The Nilgiris  11,Total,75-79,4061,1875,2186,3059,1454,1605,301,115,186,673,292,381,2,1,1,3,1,2,18,9,9,4,2,2
C4415,33,11,0000,District - The Nilgiris  11,Total,80+,4365,1855,2510,3316,1444,1872,370,136,234,653,264,389,3,2,1,4,2,2,10,3,7,8,3,5
C4415,33,11,0000,District - The Nilgiris  11,Total,Age not stated,1687,973,714,1327,774,553,122,69,53,198,111,87,11,5,6,1,1,0,3,1,2,0,0,0
C4415,33,11,0000,District - The Nilgiris  11,Rural,All ages,307532,151874,155658,266918,131715,135203,18538,9100,9438,21656,10799,10857,25,18,7,35,19,16,16,9,7,23,10,13
C4415,33,11,0000,District - The Nilgiris  11,Rural,0-4,24565,12425,12140,21059,10662,10397,1791,914,877,1688,833,855,0,0,0,5,3,2,0,0,0,2,2,0
C4415,33,11,0000,District - The Nilgiris  11,Rural,5-9,25860,13117,12743,22235,11285,10950,1790,906,884,1803,903,900,4,4,0,3,2,1,3,2,1,4,1,3
C4415,33,11,0000,District - The Nilgiris  11,Rural,10-14,28423,14458,13965,24076,12220,11856,2230,1093,1137,1952,1030,922,0,0,0,8,3,5,2,2,0,1,0,1
C4415,33,11,0000,District - The Nilgiris  11,Rural,15-19,29467,14582,14885,25297,12545,12752,2203,1071,1132,1948,954,994,4,3,1,4,3,1,0,0,0,1,0,1
C4415,33,11,0000,District - The Nilgiris  11,Rural,20-24,29262,14003,15259,25131,11994,13137,2099,1032,1067,2002,963,1039,2,1,1,4,3,1,0,0,0,3,1,2
C4415,33,11,0000,District - The Nilgiris  11,Rural,25-29,29459,13990,15469,25656,12197,13459,1745,831,914,2034,947,1087,2,2,0,1,1,0,1,0,1,3,1,2
C4415,33,11,0000,District - The Nilgiris  11,Rural,30-34,24022,11739,12283,20891,10194,10697,1254,602,652,1861,937,924,0,0,0,0,0,0,1,0,1,0,0,0
C4415,33,11,0000,District - The Nilgiris  11,Rural,35-39,27171,12731,14440,23876,11150,12726,1428,643,785,1844,928,916,2,1,1,1,0,1,3,2,1,2,1,1
C4415,33,11,0000,District - The Nilgiris  11,Rural,40-44,21016,10785,10231,18516,9476,9040,1005,539,466,1485,764,721,0,0,0,1,1,0,1,0,1,3,1,2
C4415,33,11,0000,District - The Nilgiris  11,Rural,45-49,20253,10252,10001,17886,9037,8849,955,502,453,1392,706,686,2,1,1,1,0,1,3,2,1,2,1,1
C4415,33,11,0000,District - The Nilgiris  11,Rural,50-54,14715,7675,7040,13046,6802,6244,613,317,296,1039,545,494,3,1,2,1,0,1,0,0,0,1,1,0
C4415,33,11,0000,District - The Nilgiris  11,Rural,55-59,10996,5555,5441,9727,4914,4813,493,239,254,767,397,370,2,2,0,3,1,2,1,0,1,0,0,0
C4415,33,11,0000,District - The Nilgiris  11,Rural,60-64,8821,4283,4538,7821,3777,4044,353,180,173,636,317,319,2,2,0,1,1,0,0,0,0,0,0,0
C4415,33,11,0000,District - The Nilgiris  11,Rural,65-69,5567,2580,2987,4845,2243,2602,248,114,134,472,221,251,0,0,0,0,0,0,1,1,0,0,0,0
C4415,33,11,0000,District - The Nilgiris  11,Rural,70-74,3896,1794,2102,3419,1584,1835,137,50,87,336,157,179,1,0,1,0,0,0,0,0,0,0,0,0
C4415,33,11,0000,District - The Nilgiris  11,Rural,75-79,1678,786,892,1416,674,742,80,28,52,181,83,98,0,0,0,0,0,0,0,0,0,1,1,0
C4415,33,11,0000,District - The Nilgiris  11,Rural,80+,1810,785,1025,1538,665,873,89,26,63,180,92,88,1,1,0,1,0,1,0,0,0,0,0,0
C4415,33,11,0000,District - The Nilgiris  11,Rural,Age not stated,551,334,217,483,296,187,25,13,12,36,22,14,0,0,0,1,1,0,0,0,0,0,0,0
C4415,33,11,0000,District - The Nilgiris  11,Urban,All ages,454609,226477,228132,332129,166654,165475,54228,26741,27487,65616,31593,34023,317,169,148,313,164,149,1213,637,576,144,68,76
C4415,33,11,0000,District - The Nilgiris  11,Urban,0-4,35862,17953,17909,25502,12821,12681,5444,2689,2755,4756,2355,2401,32,21,11,18,8,10,78,41,37,11,6,5
C4415,33,11,0000,District - The Nilgiris  11,Urban,5-9,39336,20022,19314,28440,14469,13971,5486,2797,2689,5200,2643,2557,36,18,18,36,19,17,108,55,53,11,8,3
C4415,33,11,0000,District - The Nilgiris  11,Urban,10-14,45007,22722,22285,31901,16068,15833,6407,3294,3113,6102,2961,3141,33,18,15,69,38,31,128,74,54,11,3,8
C4415,33,11,0000,District - The Nilgiris  11,Urban,15-19,46601,23027,23574,33859,16953,16906,6295,2923,3372,6159,2982,3177,22,11,11,41,17,24,120,68,52,4,2,2
C4415,33,11,0000,District - The Nilgiris  11,Urban,20-24,45836,22323,23513,33532,16488,17044,5919,2858,3061,6212,2882,3330,15,8,7,29,18,11,98,52,46,12,8,4
C4415,33,11,0000,District - The Nilgiris  11,Urban,25-29,43624,20566,23058,31893,15107,16786,5203,2401,2802,6360,2979,3381,23,4,19,26,10,16,83,46,37,17,3,14
C4415,33,11,0000,District - The Nilgiris  11,Urban,30-34,36395,18035,18360,26616,13344,13272,4010,1982,2028,5578,2625,2953,44,19,25,9,4,5,109,45,64,11,6,5
C4415,33,11,0000,District - The Nilgiris  11,Urban,35-39,38342,18522,19820,28402,13690,14712,4041,1989,2052,5700,2738,2962,29,17,12,18,12,6,126,63,63,12,8,4
C4415,33,11,0000,District - The Nilgiris  11,Urban,40-44,29071,15345,13726,21710,11520,10190,2804,1486,1318,4407,2253,2154,20,11,9,16,7,9,95,57,38,7,3,4
C4415,33,11,0000,District - The Nilgiris  11,Urban,45-49,28049,14367,13682,21193,10919,10274,2668,1366,1302,4068,2011,2057,21,16,5,8,4,4,70,39,31,6,2,4
C4415,33,11,0000,District - The Nilgiris  11,Urban,50-54,20651,11104,9547,15479,8423,7056,1784,995,789,3299,1638,1661,11,9,2,15,10,5,43,21,22,12,5,7
C4415,33,11,0000,District - The Nilgiris  11,Urban,55-59,15260,7899,7361,11401,5991,5410,1349,675,674,2440,1192,1248,5,4,1,7,3,4,40,22,18,8,7,1
C4415,33,11,0000,District - The Nilgiris  11,Urban,60-64,11932,5926,6006,8849,4464,4385,1055,513,542,1965,917,1048,3,2,1,10,7,3,38,17,21,3,1,2
C4415,33,11,0000,District - The Nilgiris  11,Urban,65-69,7593,3556,4037,5488,2646,2842,729,335,394,1326,550,776,5,2,3,4,3,1,30,14,16,6,2,4
C4415,33,11,0000,District - The Nilgiris  11,Urban,70-74,4976,2312,2664,3599,1714,1885,435,185,250,917,397,520,3,2,1,1,1,0,16,10,6,2,0,2
C4415,33,11,0000,District - The Nilgiris  11,Urban,75-79,2383,1089,1294,1643,780,863,221,87,134,492,209,283,2,1,1,3,1,2,18,9,9,3,1,2
C4415,33,11,0000,District - The Nilgiris  11,Urban,80+,2555,1070,1485,1778,779,999,281,110,171,473,172,301,2,1,1,3,2,1,10,3,7,8,3,5
C4415,33,11,0000,District - The Nilgiris  11,Urban,Age not stated,1136,639,497,844,478,366,97,56,41,162,89,73,11,5,6,0,0,0,3,1,2,0,0,0
C4415,33,12,0000,District - Coimbatore  12,Total,All ages,4271856,2176031,2095825,3847969,1961685,1886284,227734,115855,111879,185737,93053,92684,875,503,372,267,148,119,3562,1857,1705,475,253,222
C4415,33,12,0000,District - Coimbatore  12,Total,0-4,310882,157819,153063,276650,140404,136246,19628,9998,9630,13820,6992,6828,63,37,26,20,10,10,266,148,118,38,16,22
C4415,33,12,0000,District - Coimbatore  12,Total,5-9,333064,169219,163845,297670,151323,146347,20492,10375,10117,14050,7097,6953,63,32,31,20,11,9,304,161,143,24,16,8
C4415,33,12,0000,District - Coimbatore  12,Total,10-14,338198,172577,165621,300028,153311,146717,22862,11551,11311,14433,7273,7160,55,27,28,21,12,9,327,174,153,28,15,13
C4415,33,12,0000,District - Coimbatore  12,Total,15-19,381253,195212,186041,335587,172772,162815,27628,13439,14189,17175,8562,8613,63,39,24,28,13,15,341,172,169,36,20,16
C4415,33,12,0000,District - Coimbatore  12,Total,20-24,406927,200791,206136,360172,177956,182216,25744,12700,13044,19906,9578,10328,96,60,36,50,31,19,423,223,200,64,35,29
C4415,33,12,0000,District - Coimbatore  12,Total,25-29,429737,209065,220672,386442,188187,198255,22956,11275,11681,19385,9145,10240,109,59,50,26,14,12,328,154,174,49,21,28
C4415,33,12,0000,District - Coimbatore  12,Total,30-34,360715,187564,173151,325660,169411,156249,17732,9329,8403,16516,8369,8147,93,55,38,21,13,8,324,167,157,32,17,15
C4415,33,12,0000,District - Coimbatore  12,Total,35-39,363666,183185,180481,330666,166332,164334,16984,8697,8287,15221,7731,7490,76,48,28,23,10,13,294,164,130,34,18,16
C4415,33,12,0000,District - Coimbatore  12,Total,40-44,279787,149384,130403,254563,135948,118615,12423,6700,5723,12243,6439,5804,57,32,25,10,6,4,205,107,98,37,14,23
C4415,33,12,0000,District - Coimbatore  12,Total,45-49,264053,138433,125620,241020,126242,114778,11418,6054,5364,11106,5877,5229,50,28,22,14,8,6,176,86,90,33,20,13
C4415,33,12,0000,District - Coimbatore  12,Total,50-54,203635,108699,94936,186432,99327,87105,8140,4517,3623,8649,4616,4033,39,28,11,8,5,3,152,91,61,20,10,10
C4415,33,12,0000,District - Coimbatore  12,Total,55-59,161635,81857,79778,148725,75231,73494,6199,3319,2880,6395,3131,3264,33,25,8,6,3,3,103,51,52,20,14,6
C4415,33,12,0000,District - Coimbatore  12,Total,60-64,140115,71943,68172,129691,66648,63043,4809,2497,2312,5346,2664,2682,21,9,12,4,2,2,83,39,44,11,8,3
C4415,33,12,0000,District - Coimbatore  12,Total,65-69,95880,47076,48804,88667,43509,45158,3311,1687,1624,3719,1779,1940,10,6,4,4,1,3,73,44,29,10,6,4
C4415,33,12,0000,District - Coimbatore  12,Total,70-74,72134,36768,35366,67247,34361,32886,2233,1115,1118,2522,1238,1284,11,2,9,1,0,1,46,18,28,6,2,4
C4415,33,12,0000,District - Coimbatore  12,Total,75-79,38761,20060,18701,36190,18790,17400,1092,543,549,1397,680,717,3,2,1,1,1,0,34,17,17,5,3,2
C4415,33,12,0000,District - Coimbatore  12,Total,80+,44607,21872,22735,41637,20494,21143,1288,597,691,1584,736,848,2,1,1,5,4,1,30,11,19,6,3,3
C4415,33,12,0000,District - Coimbatore  12,Total,Age not stated,46807,24507,22300,40922,21439,19483,2795,1462,1333,2270,1146,1124,31,13,18,5,4,1,53,30,23,22,15,7
C4415,33,12,0000,District - Coimbatore  12,Rural,All ages,1451653,734699,716954,1403411,710208,693203,20806,10536,10270,24989,12718,12271,65,34,31,26,13,13,95,44,51,81,37,44
C4415,33,12,0000,District - Coimbatore  12,Rural,0-4,106212,53907,52305,102223,51861,50362,1782,926,856,2010,1017,993,4,3,1,2,0,2,8,2,6,7,2,5
C4415,33,12,0000,District - Coimbatore  12,Rural,5-9,115917,59082,56835,111775,56951,54824,1916,1017,899,2021,1014,1007,6,2,4,5,3,2,8,5,3,2,1,1
C4415,33,12,0000,District - Coimbatore  12,Rural,10-14,112308,57442,54866,108184,55306,52878,2017,1048,969,1898,980,918,7,5,2,2,0,2,4,2,2,9,4,5
C4415,33,12,0000,District - Coimbatore  12,Rural,15-19,121730,63562,58168,116582,60949,55633,2285,1118,1167,2678,1392,1286,2,1,1,1,0,1,11,5,6,9,6,3
C4415,33,12,0000,District - Coimbatore  12,Rural,20-24,125223,61211,64012,119621,58507,61114,2204,1050,1154,3193,1562,1631,6,3,3,5,3,2,13,4,9,11,3,8
C4415,33,12,0000,District - Coimbatore  12,Rural,25-29,137349,65787,71562,132459,63472,68987,2006,936,1070,2647,1274,1373,8,3,5,4,3,1,7,1,6,8,4,4
C4415,33,12,0000,District - Coimbatore  12,Rural,30-34,116100,58971,57129,112148,56882,55266,1609,857,752,2155,1126,1029,7,3,4,0,0,0,2,1,1,8,4,4
C4415,33,12,0000,District - Coimbatore  12,Rural,35-39,125571,61899,63672,121833,60019,61814,1640,814,826,1889,970,919,4,2,2,1,1,0,10,8,2,4,1,3
C4415,33,12,0000,District - Coimbatore  12,Rural,40-44,94866,50140,44726,92078,48650,43428,1179,641,538,1461,773,688,6,4,2,1,0,1,5,2,3,7,2,5
C4415,33,12,0000,District - Coimbatore  12,Rural,45-49,92761,47279,45482,90201,45936,44265,1111,565,546,1306,702,604,3,1,2,1,0,1,3,1,2,5,3,2
C4415,33,12,0000,District - Coimbatore  12,Rural,50-54,73209,37990,35219,71293,37007,34286,839,438,401,981,496,485,4,4,0,0,0,0,4,1,3,2,2,0
C4415,33,12,0000,District - Coimbatore  12,Rural,55-59,61800,30874,30926,60168,30044,30124,706,355,351,824,417,407,3,1,2,1,1,0,7,4,3,4,4,0
C4415,33,12,0000,District - Coimbatore  12,Rural,60-64,55737,28489,27248,54444,27833,26611,530,274,256,672,338,334,1,0,1,0,0,0,1,0,1,2,0,2
C4415,33,12,0000,District - Coimbatore  12,Rural,65-69,38555,19101,19454,37662,18631,19031,369,198,171,471,245,226,1,1,0,0,0,0,4,2,2,2,1,1
C4415,33,12,0000,District - Coimbatore  12,Rural,70-74,30130,15728,14402,29574,15440,14134,234,120,114,282,149,133,1,0,1,0,0,0,1,1,0,0,0,0
C4415,33,12,0000,District - Coimbatore  12,Rural,75-79,15995,8527,7468,15722,8394,7328,115,58,57,138,62,76,0,0,0,0,0,0,2,2,0,0,0,0
C4415,33,12,0000,District - Coimbatore  12,Rural,80+,18190,9419,8771,17803,9233,8570,136,59,77,219,116,103,1,0,1,0,0,0,2,2,0,1,0,1
C4415,33,12,0000,District - Coimbatore  12,Rural,Age not stated,10000,5291,4709,9641,5093,4548,128,62,66,144,85,59,1,1,0,3,2,1,3,1,2,0,0,0
C4415,33,12,0000,District - Coimbatore  12,Urban,All ages,2820203,1441332,1378871,2444558,1251477,1193081,206928,105319,101609,160748,80335,80413,810,469,341,241,135,106,3467,1813,1654,394,216,178
C4415,33,12,0000,District - Coimbatore  12,Urban,0-4,204670,103912,100758,174427,88543,85884,17846,9072,8774,11810,5975,5835,59,34,25,18,10,8,258,146,112,31,14,17
C4415,33,12,0000,District - Coimbatore  12,Urban,5-9,217147,110137,107010,185895,94372,91523,18576,9358,9218,12029,6083,5946,57,30,27,15,8,7,296,156,140,22,15,7
C4415,33,12,0000,District - Coimbatore  12,Urban,10-14,225890,115135,110755,191844,98005,93839,20845,10503,10342,12535,6293,6242,48,22,26,19,12,7,323,172,151,19,11,8
C4415,33,12,0000,District - Coimbatore  12,Urban,15-19,259523,131650,127873,219005,111823,107182,25343,12321,13022,14497,7170,7327,61,38,23,27,13,14,330,167,163,27,14,13
C4415,33,12,0000,District - Coimbatore  12,Urban,20-24,281704,139580,142124,240551,119449,121102,23540,11650,11890,16713,8016,8697,90,57,33,45,28,17,410,219,191,53,32,21
C4415,33,12,0000,District - Coimbatore  12,Urban,25-29,292388,143278,149110,253983,124715,129268,20950,10339,10611,16738,7871,8867,101,56,45,22,11,11,321,153,168,41,17,24
C4415,33,12,0000,District - Coimbatore  12,Urban,30-34,244615,128593,116022,213512,112529,100983,16123,8472,7651,14361,7243,7118,86,52,34,21,13,8,322,166,156,24,13,11
C4415,33,12,0000,District - Coimbatore  12,Urban,35-39,238095,121286,116809,208833,106313,102520,15344,7883,7461,13332,6761,6571,72,46,26,22,9,13,284,156,128,30,17,13
C4415,33,12,0000,District - Coimbatore  12,Urban,40-44,184921,99244,85677,162485,87298,75187,11244,6059,5185,10782,5666,5116,51,28,23,9,6,3,200,105,95,30,12,18
C4415,33,12,0000,District - Coimbatore  12,Urban,45-49,171292,91154,80138,150819,80306,70513,10307,5489,4818,9800,5175,4625,47,27,20,13,8,5,173,85,88,28,17,11
C4415,33,12,0000,District - Coimbatore  12,Urban,50-54,130426,70709,59717,115139,62320,52819,7301,4079,3222,7668,4120,3548,35,24,11,8,5,3,148,90,58,18,8,10
C4415,33,12,0000,District - Coimbatore  12,Urban,55-59,99835,50983,48852,88557,45187,43370,5493,2964,2529,5571,2714,2857,30,24,6,5,2,3,96,47,49,16,10,6
C4415,33,12,0000,District - Coimbatore  12,Urban,60-64,84378,43454,40924,75247,38815,36432,4279,2223,2056,4674,2326,2348,20,9,11,4,2,2,82,39,43,9,8,1
C4415,33,12,0000,District - Coimbatore  12,Urban,65-69,57325,27975,29350,51005,24878,26127,2942,1489,1453,3248,1534,1714,9,5,4,4,1,3,69,42,27,8,5,3
C4415,33,12,0000,District - Coimbatore  12,Urban,70-74,42004,21040,20964,37673,18921,18752,1999,995,1004,2240,1089,1151,10,2,8,1,0,1,45,17,28,6,2,4
C4415,33,12,0000,District - Coimbatore  12,Urban,75-79,22766,11533,11233,20468,10396,10072,977,485,492,1259,618,641,3,2,1,1,1,0,32,15,17,5,3,2
C4415,33,12,0000,District - Coimbatore  12,Urban,80+,26417,12453,13964,23834,11261,12573,1152,538,614,1365,620,745,1,1,0,5,4,1,28,9,19,5,3,2
C4415,33,12,0000,District - Coimbatore  12,Urban,Age not stated,36807,19216,17591,31281,16346,14935,2667,1400,1267,2126,1061,1065,30,12,18,2,2,0,50,29,21,22,15,7
C4415,33,13,0000,District - Dindigul  13,Total,All ages,1923014,968137,954877,1684808,849777,835031,89680,44698,44982,145265,71946,73319,466,259,207,222,98,124,126,70,56,76,40,36
C4415,33,13,0000,District - Dindigul  13,Total,0-4,154855,80023,74832,135828,70267,65561,7644,3923,3721,11138,5707,5431,33,15,18,15,4,11,13,8,5,5,2,3
C4415,33,13,0000,District - Dindigul  13,Total,5-9,168862,87129,81733,147596,76390,71206,8506,4273,4233,12481,6328,6153,48,19,29,27,12,15,7,4,3,4,2,2
C4415,33,13,0000,District - Dindigul  13,Total,10-14,181803,94575,87228,158327,82787,75540,9213,4623,4590,13945,6999,6946,31,22,9,27,14,13,15,9,6,6,3,3
C4415,33,13,0000,District - Dindigul  13,Total,15-19,185801,94529,91272,160263,81981,78282,10139,4901,5238,15060,7481,7579,45,24,21,27,12,15,10,6,4,3,3,0
C4415,33,13,0000,District - Dindigul  13,Total,20-24,168764,82648,86116,145447,71236,74211,9053,4401,4652,13902,6799,7103,37,22,15,18,12,6,9,3,6,9,6,3
C4415,33,13,0000,District - Dindigul  13,Total,25-29,175265,82659,92606,153096,72089,81007,8573,4094,4479,13335,6350,6985,53,27,26,19,8,11,8,5,3,4,2,2
C4415,33,13,0000,District - Dindigul  13,Total,30-34,145812,72433,73379,127762,63549,64213,6768,3424,3344,11055,5345,5710,30,15,15,13,5,8,9,4,5,7,4,3
C4415,33,13,0000,District - Dindigul  13,Total,35-39,155312,76036,79276,137107,67004,70103,6655,3294,3361,11327,5629,5698,37,23,14,19,10,9,6,2,4,2,1,1
C4415,33,13,0000,District - Dindigul  13,Total,40-44,117397,61524,55873,103673,54441,49232,4890,2590,2300,8670,4393,4277,39,27,12,19,7,12,5,3,2,3,2,1
C4415,33,13,0000,District - Dindigul  13,Total,45-49,114192,57505,56687,101351,51117,50234,4530,2304,2226,8151,4000,4151,29,20,9,9,2,7,13,9,4,6,2,4
C4415,33,13,0000,District - Dindigul  13,Total,50-54,92177,47220,44957,81965,41986,39979,3483,1806,1677,6606,3362,3244,26,17,9,10,3,7,10,6,4,4,2,2
C4415,33,13,0000,District - Dindigul  13,Total,55-59,74841,36619,38222,66535,32612,33923,2808,1350,1458,5394,2610,2784,13,5,8,5,2,3,7,4,3,9,3,6
C4415,33,13,0000,District - Dindigul  13,Total,60-64,69196,35462,33734,61491,31634,29857,2613,1281,1332,4981,2489,2492,17,8,9,5,4,1,7,4,3,6,4,2
C4415,33,13,0000,District - Dindigul  13,Total,65-69,42862,21040,21822,37789,18563,19226,1672,865,807,3342,1585,1757,8,3,5,1,1,0,1,0,1,2,1,1
C4415,33,13,0000,District - Dindigul  13,Total,70-74,32047,16420,15627,28262,14503,13759,1271,669,602,2474,1228,1246,6,3,3,3,0,3,1,0,1,1,0,1
C4415,33,13,0000,District - Dindigul  13,Total,75-79,14385,7613,6772,12593,6701,5892,564,274,290,1209,631,578,3,1,2,0,0,0,0,0,0,3,2,1
C4415,33,13,0000,District - Dindigul  13,Total,80+,16542,8379,8163,14438,7365,7073,739,340,399,1330,653,677,5,4,1,2,1,1,3,2,1,1,1,0
C4415,33,13,0000,District - Dindigul  13,Total,Age not stated,12901,6323,6578,11285,5552,5733,559,286,273,865,357,508,6,4,2,3,1,2,2,1,1,1,0,1
C4415,33,13,0000,District - Dindigul  13,Rural,All ages,1249762,629073,620689,1139612,574594,565018,26798,13048,13750,81051,40196,40855,258,142,116,112,43,69,68,38,30,64,34,30
C4415,33,13,0000,District - Dindigul  13,Rural,0-4,102332,53047,49285,93430,48425,45005,2283,1201,1082,6457,3338,3119,15,7,8,6,0,6,5,4,1,5,2,3
C4415,33,13,0000,District - Dindigul  13,Rural,5-9,111121,57598,53523,101204,52591,48613,2589,1292,1297,7127,3616,3511,24,11,13,14,4,10,5,2,3,4,2,2
C4415,33,13,0000,District - Dindigul  13,Rural,10-14,116944,60903,56041,106290,55621,50669,2762,1352,1410,7658,3811,3847,17,14,3,11,4,7,7,4,3,5,2,3
C4415,33,13,0000,District - Dindigul  13,Rural,15-19,118925,60811,58114,107580,55181,52399,2898,1356,1542,8244,4166,4078,19,10,9,9,3,6,4,2,2,3,3,0
C4415,33,13,0000,District - Dindigul  13,Rural,20-24,107133,52939,54194,96737,47759,48978,2565,1227,1338,7555,3781,3774,21,12,9,9,6,3,6,1,5,8,5,3
C4415,33,13,0000,District - Dindigul  13,Rural,25-29,111240,52208,59032,101517,47649,53868,2402,1117,1285,7142,3353,3789,32,15,17,11,5,6,5,3,2,3,2,1
C4415,33,13,0000,District - Dindigul  13,Rural,30-34,92213,45583,46630,84217,41731,42486,1847,912,935,5987,2858,3129,19,11,8,8,3,5,6,3,3,7,4,3
C4415,33,13,0000,District - Dindigul  13,Rural,35-39,100051,48634,51417,91752,44583,47169,1922,907,1015,6231,3075,3156,18,11,7,9,7,2,4,2,2,1,0,1
C4415,33,13,0000,District - Dindigul  13,Rural,40-44,75816,39422,36394,69537,36191,33346,1465,771,694,4710,2398,2312,20,11,9,9,3,6,2,1,1,2,1,1
C4415,33,13,0000,District - Dindigul  13,Rural,45-49,75196,37284,37912,69137,34339,34798,1409,668,741,4539,2219,2320,18,11,7,6,1,5,8,6,2,3,1,2
C4415,33,13,0000,District - Dindigul  13,Rural,50-54,61109,31108,30001,56178,28617,27561,1091,546,545,3760,1901,1859,16,10,6,7,1,6,3,2,1,4,2,2
C4415,33,13,0000,District - Dindigul  13,Rural,55-59,50829,24908,25921,46633,22891,23742,1000,465,535,3124,1521,1603,8,3,5,5,2,3,3,2,1,7,2,5
C4415,33,13,0000,District - Dindigul  13,Rural,60-64,47286,24303,22983,43401,22385,21016,857,401,456,2937,1467,1470,12,6,6,4,3,1,4,3,1,6,4,2
C4415,33,13,0000,District - Dindigul  13,Rural,65-69,28969,14310,14659,26311,13042,13269,611,302,309,2004,948,1056,6,2,4,1,1,0,1,0,1,1,1,0
C4415,33,13,0000,District - Dindigul  13,Rural,70-74,21741,11170,10571,19756,10152,9604,425,226,199,1525,775,750,5,3,2,3,0,3,1,0,1,0,0,0
C4415,33,13,0000,District - Dindigul  13,Rural,75-79,9535,5113,4422,8574,4631,3943,216,87,129,733,391,342,1,0,1,0,0,0,0,0,0,3,2,1
C4415,33,13,0000,District - Dindigul  13,Rural,80+,10933,5634,5299,9852,5106,4746,274,127,147,780,385,395,3,2,1,0,0,0,3,2,1,1,1,0
C4415,33,13,0000,District - Dindigul  13,Rural,Age not stated,8389,4098,4291,7506,3700,3806,182,91,91,538,193,345,4,3,1,0,0,0,1,1,0,1,0,1
C4415,33,13,0000,District - Dindigul  13,Urban,All ages,673252,339064,334188,545196,275183,270013,62882,31650,31232,64214,31750,32464,208,117,91,110,55,55,58,32,26,12,6,6
C4415,33,13,0000,District - Dindigul  13,Urban,0-4,52523,26976,25547,42398,21842,20556,5361,2722,2639,4681,2369,2312,18,8,10,9,4,5,8,4,4,0,0,0
C4415,33,13,0000,District - Dindigul  13,Urban,5-9,57741,29531,28210,46392,23799,22593,5917,2981,2936,5354,2712,2642,24,8,16,13,8,5,2,2,0,0,0,0
C4415,33,13,0000,District - Dindigul  13,Urban,10-14,64859,33672,31187,52037,27166,24871,6451,3271,3180,6287,3188,3099,14,8,6,16,10,6,8,5,3,1,1,0
C4415,33,13,0000,District - Dindigul  13,Urban,15-19,66876,33718,33158,52683,26800,25883,7241,3545,3696,6816,3315,3501,26,14,12,18,9,9,6,4,2,0,0,0
C4415,33,13,0000,District - Dindigul  13,Urban,20-24,61631,29709,31922,48710,23477,25233,6488,3174,3314,6347,3018,3329,16,10,6,9,6,3,3,2,1,1,1,0
C4415,33,13,0000,District - Dindigul  13,Urban,25-29,64025,30451,33574,51579,24440,27139,6171,2977,3194,6193,2997,3196,21,12,9,8,3,5,3,2,1,1,0,1
C4415,33,13,0000,District - Dindigul  13,Urban,30-34,53599,26850,26749,43545,21818,21727,4921,2512,2409,5068,2487,2581,11,4,7,5,2,3,3,1,2,0,0,0
C4415,33,13,0000,District - Dindigul  13,Urban,35-39,55261,27402,27859,45355,22421,22934,4733,2387,2346,5096,2554,2542,19,12,7,10,3,7,2,0,2,1,1,0
C4415,33,13,0000,District - Dindigul  13,Urban,40-44,41581,22102,19479,34136,18250,15886,3425,1819,1606,3960,1995,1965,19,16,3,10,4,6,3,2,1,1,1,0
C4415,33,13,0000,District - Dindigul  13,Urban,45-49,38996,20221,18775,32214,16778,15436,3121,1636,1485,3612,1781,1831,11,9,2,3,1,2,5,3,2,3,1,2
C4415,33,13,0000,District - Dindigul  13,Urban,50-54,31068,16112,14956,25787,13369,12418,2392,1260,1132,2846,1461,1385,10,7,3,3,2,1,7,4,3,0,0,0
C4415,33,13,0000,District - Dindigul  13,Urban,55-59,24012,11711,12301,19902,9721,10181,1808,885,923,2270,1089,1181,5,2,3,0,0,0,4,2,2,2,1,1
C4415,33,13,0000,District - Dindigul  13,Urban,60-64,21910,11159,10751,18090,9249,8841,1756,880,876,2044,1022,1022,5,2,3,1,1,0,3,1,2,0,0,0
C4415,33,13,0000,District - Dindigul  13,Urban,65-69,13893,6730,7163,11478,5521,5957,1061,563,498,1338,637,701,2,1,1,0,0,0,0,0,0,1,0,1
C4415,33,13,0000,District - Dindigul  13,Urban,70-74,10306,5250,5056,8506,4351,4155,846,443,403,949,453,496,1,0,1,0,0,0,0,0,0,1,0,1
C4415,33,13,0000,District - Dindigul  13,Urban,75-79,4850,2500,2350,4019,2070,1949,348,187,161,476,240,236,2,1,1,0,0,0,0,0,0,0,0,0
C4415,33,13,0000,District - Dindigul  13,Urban,80+,5609,2745,2864,4586,2259,2327,465,213,252,550,268,282,2,2,0,2,1,1,0,0,0,0,0,0
C4415,33,13,0000,District - Dindigul  13,Urban,Age not stated,4512,2225,2287,3779,1852,1927,377,195,182,327,164,163,2,1,1,3,1,2,1,0,1,0,0,0
C4415,33,14,0000,District - Karur  *  14,Total,All ages,935686,465538,470148,883584,441172,442412,37272,16982,20290,13863,6879,6984,45,25,20,19,6,13,19,12,7,59,41,18
C4415,33,14,0000,District - Karur  *  14,Total,0-4,73625,38218,35407,68923,35754,33169,3624,1889,1735,1017,547,470,3,0,3,1,0,1,1,1,0,3,3,0
C4415,33,14,0000,District - Karur  *  14,Total,5-9,77569,39846,37723,72599,37298,35301,3796,1937,1859,1119,589,530,1,0,1,0,0,0,2,1,1,2,1,1
C4415,33,14,0000,District - Karur  *  14,Total,10-14,80243,41357,38886,74966,38759,36207,4068,1996,2072,1148,565,583,4,4,0,1,1,0,1,0,1,3,1,2
C4415,33,14,0000,District - Karur  *  14,Total,15-19,81812,41474,40338,76410,39086,37324,4035,1687,2348,1288,658,630,5,2,3,3,2,1,1,1,0,3,1,2
C4415,33,14,0000,District - Karur  *  14,Total,20-24,81209,39727,41482,76435,37655,38780,3406,1410,1996,1262,597,665,3,2,1,3,1,2,0,0,0,25,22,3
C4415,33,14,0000,District - Karur  *  14,Total,25-29,83564,39153,44411,78835,37156,41679,3366,1386,1980,1281,574,707,5,1,4,2,1,1,1,1,0,12,6,6
C4415,33,14,0000,District - Karur  *  14,Total,30-34,71350,35270,36080,67550,33533,34017,2667,1176,1491,1071,530,541,3,1,2,2,1,1,5,3,2,1,1,0
C4415,33,14,0000,District - Karur  *  14,Total,35-39,76800,36541,40259,72764,34725,38039,2782,1220,1562,1179,558,621,4,3,1,0,0,0,3,2,1,3,2,1
C4415,33,14,0000,District - Karur  *  14,Total,40-44,60800,30758,30042,57876,29386,28490,1973,905,1068,892,435,457,7,4,3,3,0,3,4,3,1,1,1,0
C4415,33,14,0000,District - Karur  *  14,Total,45-49,60019,29464,30555,57162,28095,29067,1871,860,1011,933,480,453,3,3,0,1,0,1,0,0,0,4,2,2
C4415,33,14,0000,District - Karur  *  14,Total,50-54,49320,24616,24704,47164,23569,23595,1402,654,748,709,379,330,1,1,0,2,0,2,0,0,0,0,0,0
C4415,33,14,0000,District - Karur  *  14,Total,55-59,41314,20268,21046,39469,19465,20004,1248,519,729,567,268,299,1,1,0,1,0,1,0,0,0,1,1,0
C4415,33,14,0000,District - Karur  *  14,Total,60-64,37500,18660,18840,35868,17918,17950,1056,463,593,533,255,278,1,1,0,0,0,0,1,0,1,0,0,0
C4415,33,14,0000,District - Karur  *  14,Total,65-69,23813,11485,12328,22638,10936,11702,797,368,429,348,166,182,0,0,0,0,0,0,0,0,0,1,0,1
C4415,33,14,0000,District - Karur  *  14,Total,70-74,17708,8941,8767,16893,8550,8343,560,244,316,238,138,100,1,1,0,0,0,0,0,0,0,0,0,0
C4415,33,14,0000,District - Karur  *  14,Total,75-79,8576,4491,4085,8154,4276,3878,267,135,132,148,77,71,1,0,1,0,0,0,0,0,0,0,0,0
C4415,33,14,0000,District - Karur  *  14,Total,80+,9313,4574,4739,8859,4396,4463,322,117,205,120,55,65,1,0,1,0,0,0,0,0,0,0,0,0
C4415,33,14,0000,District - Karur  *  14,Total,Age not stated,1151,695,456,1019,615,404,32,16,16,10,8,2,1,1,0,0,0,0,0,0,0,0,0,0
C4415,33,14,0000,District - Karur  *  14,Rural,All ages,624430,310922,313508,607590,302712,304878,8426,4048,4378,7721,3814,3907,24,12,12,16,5,11,7,4,3,8,7,1
C4415,33,14,0000,District - Karur  *  14,Rural,0-4,49688,25862,23826,48285,25117,23168,795,421,374,564,306,258,2,0,2,0,0,0,0,0,0,1,1,0
C4415,33,14,0000,District - Karur  *  14,Rural,5-9,52155,26711,25444,50596,25905,24691,854,444,410,660,346,314,1,0,1,0,0,0,0,0,0,0,0,0
C4415,33,14,0000,District - Karur  *  14,Rural,10-14,53305,27635,25670,51754,26829,24925,843,452,391,662,326,336,0,0,0,1,1,0,1,0,1,0,0,0
C4415,33,14,0000,District - Karur  *  14,Rural,15-19,54175,27824,26351,52501,27016,25485,897,424,473,715,350,365,4,1,3,3,2,1,1,1,0,1,1,0
C4415,33,14,0000,District - Karur  *  14,Rural,20-24,52807,26188,26619,51291,25485,25806,777,340,437,686,334,352,2,1,1,2,1,1,0,0,0,2,2,0
C4415,33,14,0000,District - Karur  *  14,Rural,25-29,53908,25389,28519,52344,24694,27650,802,360,442,718,318,400,3,0,3,1,0,1,0,0,0,1,1,0
C4415,33,14,0000,District - Karur  *  14,Rural,30-34,45584,22466,23118,44371,21885,22486,595,277,318,577,287,290,0,0,0,2,1,1,2,1,1,0,0,0
C4415,33,14,0000,District - Karur  *  14,Rural,35-39,50101,23680,26421,48781,23074,25707,658,299,359,610,282,328,2,2,0,0,0,0,0,0,0,0,0,0
C4415,33,14,0000,District - Karur  *  14,Rural,40-44,39888,19872,20016,38959,19397,19562,437,233,204,450,218,232,4,3,1,3,0,3,3,2,1,1,1,0
C4415,33,14,0000,District - Karur  *  14,Rural,45-49,40253,19328,20925,39270,18840,20430,444,213,231,496,252,244,1,1,0,1,0,1,0,0,0,2,1,1
C4415,33,14,0000,District - Karur  *  14,Rural,50-54,33742,16634,17108,33022,16292,16730,312,145,167,373,186,187,0,0,0,2,0,2,0,0,0,0,0,0
C4415,33,14,0000,District - Karur  *  14,Rural,55-59,28767,14124,14643,28104,13823,14281,309,135,174,335,155,180,1,1,0,1,0,1,0,0,0,0,0,0
C4415,33,14,0000,District - Karur  *  14,Rural,60-64,26816,13446,13370,26195,13163,13032,243,99,144,347,168,179,1,1,0,0,0,0,0,0,0,0,0,0
C4415,33,14,0000,District - Karur  *  14,Rural,65-69,16911,8179,8732,16481,7971,8510,191,88,103,217,109,108,0,0,0,0,0,0,0,0,0,0,0,0
C4415,33,14,0000,District - Karur  *  14,Rural,70-74,12725,6491,6234,12433,6336,6097,136,60,76,139,86,53,1,1,0,0,0,0,0,0,0,0,0,0
C4415,33,14,0000,District - Karur  *  14,Rural,75-79,6153,3237,2916,5992,3149,2843,56,30,26,100,56,44,0,0,0,0,0,0,0,0,0,0,0,0
C4415,33,14,0000,District - Karur  *  14,Rural,80+,6664,3356,3308,6522,3298,3224,66,23,43,66,30,36,1,0,1,0,0,0,0,0,0,0,0,0
C4415,33,14,0000,District - Karur  *  14,Rural,Age not stated,788,500,288,689,438,251,11,5,6,6,5,1,1,1,0,0,0,0,0,0,0,0,0,0
C4415,33,14,0000,District - Karur  *  14,Urban,All ages,311256,154616,156640,275994,138460,137534,28846,12934,15912,6142,3065,3077,21,13,8,3,1,2,12,8,4,51,34,17
C4415,33,14,0000,District - Karur  *  14,Urban,0-4,23937,12356,11581,20638,10637,10001,2829,1468,1361,453,241,212,1,0,1,1,0,1,1,1,0,2,2,0
C4415,33,14,0000,District - Karur  *  14,Urban,5-9,25414,13135,12279,22003,11393,10610,2942,1493,1449,459,243,216,0,0,0,0,0,0,2,1,1,2,1,1
C4415,33,14,0000,District - Karur  *  14,Urban,10-14,26938,13722,13216,23212,11930,11282,3225,1544,1681,486,239,247,4,4,0,0,0,0,0,0,0,3,1,2
C4415,33,14,0000,District - Karur  *  14,Urban,15-19,27637,13650,13987,23909,12070,11839,3138,1263,1875,573,308,265,1,1,0,0,0,0,0,0,0,2,0,2
C4415,33,14,0000,District - Karur  *  14,Urban,20-24,28402,13539,14863,25144,12170,12974,2629,1070,1559,576,263,313,1,1,0,1,0,1,0,0,0,23,20,3
C4415,33,14,0000,District - Karur  *  14,Urban,25-29,29656,13764,15892,26491,12462,14029,2564,1026,1538,563,256,307,2,1,1,1,1,0,1,1,0,11,5,6
C4415,33,14,0000,District - Karur  *  14,Urban,30-34,25766,12804,12962,23179,11648,11531,2072,899,1173,494,243,251,3,1,2,0,0,0,3,2,1,1,1,0
C4415,33,14,0000,District - Karur  *  14,Urban,35-39,26699,12861,13838,23983,11651,12332,2124,921,1203,569,276,293,2,1,1,0,0,0,3,2,1,3,2,1
C4415,33,14,0000,District - Karur  *  14,Urban,40-44,20912,10886,10026,18917,9989,8928,1536,672,864,442,217,225,3,1,2,0,0,0,1,1,0,0,0,0
C4415,33,14,0000,District - Karur  *  14,Urban,45-49,19766,10136,9630,17892,9255,8637,1427,647,780,437,228,209,2,2,0,0,0,0,0,0,0,2,1,1
C4415,33,14,0000,District - Karur  *  14,Urban,50-54,15578,7982,7596,14142,7277,6865,1090,509,581,336,193,143,1,1,0,0,0,0,0,0,0,0,0,0
C4415,33,14,0000,District - Karur  *  14,Urban,55-59,12547,6144,6403,11365,5642,5723,939,384,555,232,113,119,0,0,0,0,0,0,0,0,0,1,1,0
C4415,33,14,0000,District - Karur  *  14,Urban,60-64,10684,5214,5470,9673,4755,4918,813,364,449,186,87,99,0,0,0,0,0,0,1,0,1,0,0,0
C4415,33,14,0000,District - Karur  *  14,Urban,65-69,6902,3306,3596,6157,2965,3192,606,280,326,131,57,74,0,0,0,0,0,0,0,0,0,1,0,1
C4415,33,14,0000,District - Karur  *  14,Urban,70-74,4983,2450,2533,4460,2214,2246,424,184,240,99,52,47,0,0,0,0,0,0,0,0,0,0,0,0
C4415,33,14,0000,District - Karur  *  14,Urban,75-79,2423,1254,1169,2162,1127,1035,211,105,106,48,21,27,1,0,1,0,0,0,0,0,0,0,0,0
C4415,33,14,0000,District - Karur  *  14,Urban,80+,2649,1218,1431,2337,1098,1239,256,94,162,54,25,29,0,0,0,0,0,0,0,0,0,0,0,0
C4415,33,14,0000,District - Karur  *  14,Urban,Age not stated,363,195,168,330,177,153,21,11,10,4,3,1,0,0,0,0,0,0,0,0,0,0,0,0
C4415,33,15,0000,District - Tiruchirappalli  15,Total,All ages,2418366,1208534,1209832,2040968,1021555,1019413,156345,78121,78224,218033,107231,110802,169,109,60,67,36,31,536,270,266,327,214,113
C4415,33,15,0000,District - Tiruchirappalli  15,Total,0-4,192160,98074,94086,162180,82887,79293,13468,6860,6608,16270,8203,8067,12,7,5,8,3,5,45,23,22,15,5,10
C4415,33,15,0000,District - Tiruchirappalli  15,Total,5-9,207574,105778,101796,175569,89752,85817,14497,7272,7225,17265,8634,8631,11,7,4,5,2,3,48,24,24,13,7,6
C4415,33,15,0000,District - Tiruchirappalli  15,Total,10-14,228513,117031,111482,191444,98316,93128,16595,8469,8126,20207,10086,10121,11,5,6,6,2,4,56,28,28,21,12,9
C4415,33,15,0000,District - Tiruchirappalli  15,Total,15-19,243898,122692,121206,202831,102135,100696,18206,9177,9029,22603,11237,11366,19,14,5,7,4,3,39,17,22,41,33,8
C4415,33,15,0000,District - Tiruchirappalli  15,Total,20-24,224602,112782,111820,186463,93601,92862,16791,8387,8404,21019,10605,10414,26,15,11,9,7,2,53,31,22,70,65,5
C4415,33,15,0000,District - Tiruchirappalli  15,Total,25-29,213185,101140,112045,179456,85321,94135,14576,6807,7769,18867,8860,10007,22,16,6,9,3,6,50,29,21,26,17,9
C4415,33,15,0000,District - Tiruchirappalli  15,Total,30-34,181955,90056,91899,153464,76184,77280,11681,5774,5907,16567,7974,8593,15,12,3,6,4,2,50,23,27,20,6,14
C4415,33,15,0000,District - Tiruchirappalli  15,Total,35-39,191296,91594,99702,162829,77933,84896,11448,5552,5896,16820,8012,8808,10,5,5,4,3,1,49,26,23,20,11,9
C4415,33,15,0000,District - Tiruchirappalli  15,Total,40-44,151770,77724,74046,129233,66327,62906,8523,4408,4115,13858,6899,6959,11,6,5,2,2,0,34,18,16,12,7,5
C4415,33,15,0000,District - Tiruchirappalli  15,Total,45-49,147520,74166,73354,125984,63499,62485,8058,4060,3998,13302,6519,6783,11,10,1,2,1,1,29,15,14,25,11,14
C4415,33,15,0000,District - Tiruchirappalli  15,Total,50-54,117814,60610,57204,100246,51600,48646,6258,3286,2972,11178,5662,5516,12,6,6,2,1,1,22,10,12,14,8,6
C4415,33,15,0000,District - Tiruchirappalli  15,Total,55-59,92022,45651,46371,78587,38983,39604,4844,2445,2399,8494,4171,4323,4,3,1,0,0,0,15,8,7,13,8,5
C4415,33,15,0000,District - Tiruchirappalli  15,Total,60-64,82653,40511,42142,70893,34772,36121,4170,2060,2110,7489,3634,3855,2,2,0,2,1,1,15,7,8,10,4,6
C4415,33,15,0000,District - Tiruchirappalli  15,Total,65-69,55317,26422,28895,46921,22480,24441,2932,1438,1494,5410,2476,2934,2,0,2,1,1,0,8,5,3,7,4,3
C4415,33,15,0000,District - Tiruchirappalli  15,Total,70-74,40221,19835,20386,34188,16945,17243,2064,1003,1061,3919,1868,2051,0,0,0,1,0,1,11,2,9,10,8,2
C4415,33,15,0000,District - Tiruchirappalli  15,Total,75-79,19673,10368,9305,16732,8837,7895,839,428,411,2078,1087,991,0,0,0,0,0,0,7,3,4,5,5,0
C4415,33,15,0000,District - Tiruchirappalli  15,Total,80+,20170,9896,10274,17105,8453,8652,1038,487,551,2003,943,1060,0,0,0,3,2,1,3,1,2,5,3,2
C4415,33,15,0000,District - Tiruchirappalli  15,Total,Age not stated,8023,4204,3819,6843,3530,3313,357,208,149,684,361,323,1,1,0,0,0,0,2,0,2,0,0,0
C4415,33,15,0000,District - Tiruchirappalli  15,Rural,All ages,1279204,638617,640587,1149938,574675,575263,30854,15260,15594,97037,47976,49061,25,17,8,19,10,9,18,9,9,53,28,25
C4415,33,15,0000,District - Tiruchirappalli  15,Rural,0-4,108742,55766,52976,97784,50121,47663,2957,1530,1427,7877,4053,3824,1,1,0,1,0,1,2,1,1,4,0,4
C4415,33,15,0000,District - Tiruchirappalli  15,Rural,5-9,116523,59724,56799,104807,53790,51017,3094,1609,1485,8485,4253,4232,4,3,1,0,0,0,1,1,0,6,3,3
C4415,33,15,0000,District - Tiruchirappalli  15,Rural,10-14,122997,63440,59557,110255,56870,53385,3267,1669,1598,9347,4815,4532,2,2,0,2,1,1,0,0,0,5,3,2
C4415,33,15,0000,District - Tiruchirappalli  15,Rural,15-19,125295,63407,61888,111989,56683,55306,3425,1704,1721,9768,4962,4806,2,1,1,3,2,1,5,2,3,3,3,0
C4415,33,15,0000,District - Tiruchirappalli  15,Rural,20-24,112876,56734,56142,101081,50872,50209,3026,1451,1575,8652,4362,4290,1,1,0,3,3,0,2,1,1,4,3,1
C4415,33,15,0000,District - Tiruchirappalli  15,Rural,25-29,109983,52399,57584,98926,47310,51616,2763,1255,1508,8167,3772,4395,0,0,0,5,1,4,1,1,0,1,0,1
C4415,33,15,0000,District - Tiruchirappalli  15,Rural,30-34,90879,45087,45792,81511,40562,40949,2163,1073,1090,7091,3399,3692,1,0,1,0,0,0,3,1,2,7,3,4
C4415,33,15,0000,District - Tiruchirappalli  15,Rural,35-39,99146,46850,52296,89576,42327,47249,2165,1004,1161,7315,3471,3844,2,1,1,1,1,0,0,0,0,5,3,2
C4415,33,15,0000,District - Tiruchirappalli  15,Rural,40-44,76800,38746,38054,69345,34983,34362,1582,799,783,5803,2926,2877,4,2,2,0,0,0,0,0,0,4,2,2
C4415,33,15,0000,District - Tiruchirappalli  15,Rural,45-49,78528,38223,40305,71241,34729,36512,1582,779,803,5636,2680,2956,5,5,0,0,0,0,0,0,0,2,1,1
C4415,33,15,0000,District - Tiruchirappalli  15,Rural,50-54,62589,31269,31320,56519,28301,28218,1196,580,616,4818,2366,2452,0,0,0,0,0,0,1,1,0,2,1,1
C4415,33,15,0000,District - Tiruchirappalli  15,Rural,55-59,51718,25291,26427,46563,22835,23728,1075,523,552,4032,1908,2124,1,0,1,0,0,0,1,1,0,3,1,2
C4415,33,15,0000,District - Tiruchirappalli  15,Rural,60-64,47269,23369,23900,42679,21116,21563,934,465,469,3601,1765,1836,1,1,0,1,0,1,1,0,1,0,0,0
C4415,33,15,0000,District - Tiruchirappalli  15,Rural,65-69,30262,14674,15588,27030,13092,13938,673,322,351,2528,1246,1282,1,0,1,0,0,0,1,0,1,1,1,0
C4415,33,15,0000,District - Tiruchirappalli  15,Rural,70-74,21953,11257,10696,19592,10063,9529,461,243,218,1878,943,935,0,0,0,0,0,0,0,0,0,2,1,1
C4415,33,15,0000,District - Tiruchirappalli  15,Rural,75-79,10017,5418,4599,8966,4847,4119,197,109,88,842,452,390,0,0,0,0,0,0,0,0,0,2,2,0
C4415,33,15,0000,District - Tiruchirappalli  15,Rural,80+,10177,5175,5002,9021,4619,4402,248,114,134,895,436,459,0,0,0,3,2,1,0,0,0,2,1,1
C4415,33,15,0000,District - Tiruchirappalli  15,Rural,Age not stated,3450,1788,1662,3053,1555,1498,46,31,15,302,167,135,0,0,0,0,0,0,0,0,0,0,0,0
C4415,33,15,0000,District - Tiruchirappalli  15,Urban,All ages,1139162,569917,569245,891030,446880,444150,125491,62861,62630,120996,59255,61741,144,92,52,48,26,22,518,261,257,274,186,88
C4415,33,15,0000,District - Tiruchirappalli  15,Urban,0-4,83418,42308,41110,64396,32766,31630,10511,5330,5181,8393,4150,4243,11,6,5,7,3,4,43,22,21,11,5,6
C4415,33,15,0000,District - Tiruchirappalli  15,Urban,5-9,91051,46054,44997,70762,35962,34800,11403,5663,5740,8780,4381,4399,7,4,3,5,2,3,47,23,24,7,4,3
C4415,33,15,0000,District - Tiruchirappalli  15,Urban,10-14,105516,53591,51925,81189,41446,39743,13328,6800,6528,10860,5271,5589,9,3,6,4,1,3,56,28,28,16,9,7
C4415,33,15,0000,District - Tiruchirappalli  15,Urban,15-19,118603,59285,59318,90842,45452,45390,14781,7473,7308,12835,6275,6560,17,13,4,4,2,2,34,15,19,38,30,8
C4415,33,15,0000,District - Tiruchirappalli  15,Urban,20-24,111726,56048,55678,85382,42729,42653,13765,6936,6829,12367,6243,6124,25,14,11,6,4,2,51,30,21,66,62,4
C4415,33,15,0000,District - Tiruchirappalli  15,Urban,25-29,103202,48741,54461,80530,38011,42519,11813,5552,6261,10700,5088,5612,22,16,6,4,2,2,49,28,21,25,17,8
C4415,33,15,0000,District - Tiruchirappalli  15,Urban,30-34,91076,44969,46107,71953,35622,36331,9518,4701,4817,9476,4575,4901,14,12,2,6,4,2,47,22,25,13,3,10
C4415,33,15,0000,District - Tiruchirappalli  15,Urban,35-39,92150,44744,47406,73253,35606,37647,9283,4548,4735,9505,4541,4964,8,4,4,3,2,1,49,26,23,15,8,7
C4415,33,15,0000,District - Tiruchirappalli  15,Urban,40-44,74970,38978,35992,59888,31344,28544,6941,3609,3332,8055,3973,4082,7,4,3,2,2,0,34,18,16,8,5,3
C4415,33,15,0000,District - Tiruchirappalli  15,Urban,45-49,68992,35943,33049,54743,28770,25973,6476,3281,3195,7666,3839,3827,6,5,1,2,1,1,29,15,14,23,10,13
C4415,33,15,0000,District - Tiruchirappalli  15,Urban,50-54,55225,29341,25884,43727,23299,20428,5062,2706,2356,6360,3296,3064,12,6,6,2,1,1,21,9,12,12,7,5
C4415,33,15,0000,District - Tiruchirappalli  15,Urban,55-59,40304,20360,19944,32024,16148,15876,3769,1922,1847,4462,2263,2199,3,3,0,0,0,0,14,7,7,10,7,3
C4415,33,15,0000,District - Tiruchirappalli  15,Urban,60-64,35384,17142,18242,28214,13656,14558,3236,1595,1641,3888,1869,2019,1,1,0,1,1,0,14,7,7,10,4,6
C4415,33,15,0000,District - Tiruchirappalli  15,Urban,65-69,25055,11748,13307,19891,9388,10503,2259,1116,1143,2882,1230,1652,1,0,1,1,1,0,7,5,2,6,3,3
C4415,33,15,0000,District - Tiruchirappalli  15,Urban,70-74,18268,8578,9690,14596,6882,7714,1603,760,843,2041,925,1116,0,0,0,1,0,1,11,2,9,8,7,1
C4415,33,15,0000,District - Tiruchirappalli  15,Urban,75-79,9656,4950,4706,7766,3990,3776,642,319,323,1236,635,601,0,0,0,0,0,0,7,3,4,3,3,0
C4415,33,15,0000,District - Tiruchirappalli  15,Urban,80+,9993,4721,5272,8084,3834,4250,790,373,417,1108,507,601,0,0,0,0,0,0,3,1,2,3,2,1
C4415,33,15,0000,District - Tiruchirappalli  15,Urban,Age not stated,4573,2416,2157,3790,1975,1815,311,177,134,382,194,188,1,1,0,0,0,0,2,0,2,0,0,0
C4415,33,16,0000,District - Perambalur  *  16,Total,All ages,493646,246141,247505,460058,230264,229794,24778,11500,13278,8412,4173,4239,3,2,1,7,5,2,15,9,6,30,15,15
C4415,33,16,0000,District - Perambalur  *  16,Total,0-4,43517,22418,21099,40230,20755,19475,2517,1255,1262,736,391,345,1,1,0,0,0,0,1,0,1,3,2,1
C4415,33,16,0000,District - Perambalur  *  16,Total,5-9,46026,23815,22211,42623,22042,20581,2667,1387,1280,703,372,331,0,0,0,0,0,0,3,2,1,2,0,2
C4415,33,16,0000,District - Perambalur  *  16,Total,10-14,50219,26487,23732,46465,24517,21948,2936,1499,1437,783,448,335,1,1,0,1,1,0,1,1,0,3,3,0
C4415,33,16,0000,District - Perambalur  *  16,Total,15-19,49822,25616,24206,46096,23766,22330,2846,1373,1473,842,458,384,0,0,0,1,1,0,1,0,1,2,1,1
C4415,33,16,0000,District - Perambalur  *  16,Total,20-24,41699,20554,21145,38556,19062,19494,2315,1094,1221,796,380,416,0,0,0,1,1,0,0,0,0,2,1,1
C4415,33,16,0000,District - Perambalur  *  16,Total,25-29,42363,19345,23018,39552,18191,21361,1989,810,1179,782,325,457,0,0,0,1,1,0,2,2,0,3,1,2
C4415,33,16,0000,District - Perambalur  *  16,Total,30-34,33619,16061,17558,31499,15177,16322,1489,576,913,604,294,310,0,0,0,0,0,0,1,0,1,4,2,2
C4415,33,16,0000,District - Perambalur  *  16,Total,35-39,39014,17685,21329,36776,16821,19955,1569,554,1015,642,292,350,0,0,0,0,0,0,2,2,0,0,0,0
C4415,33,16,0000,District - Perambalur  *  16,Total,40-44,29007,14342,14665,27311,13624,13687,1210,508,702,465,203,262,1,0,1,0,0,0,2,1,1,0,0,0
C4415,33,16,0000,District - Perambalur  *  16,Total,45-49,29696,14613,15083,27955,13879,14076,1216,479,737,498,244,254,0,0,0,1,0,1,0,0,0,4,2,2
C4415,33,16,0000,District - Perambalur  *  16,Total,50-54,23513,11889,11624,22018,11188,10830,1070,484,586,403,203,200,0,0,0,1,1,0,0,0,0,1,0,1
C4415,33,16,0000,District - Perambalur  *  16,Total,55-59,19062,9445,9617,17945,8937,9008,766,345,421,335,154,181,0,0,0,0,0,0,1,0,1,3,2,1
C4415,33,16,0000,District - Perambalur  *  16,Total,60-64,17873,8986,8887,16799,8434,8365,776,399,377,283,145,138,0,0,0,0,0,0,0,0,0,1,1,0
C4415,33,16,0000,District - Perambalur  *  16,Total,65-69,11657,5892,5765,10896,5508,5388,536,281,255,218,100,118,0,0,0,1,0,1,1,1,0,0,0,0
C4415,33,16,0000,District - Perambalur  *  16,Total,70-74,8224,4376,3848,7672,4106,3566,390,193,197,151,73,78,0,0,0,0,0,0,0,0,0,1,0,1
C4415,33,16,0000,District - Perambalur  *  16,Total,75-79,3652,2086,1566,3383,1937,1446,197,116,81,69,31,38,0,0,0,0,0,0,0,0,0,1,0,1
C4415,33,16,0000,District - Perambalur  *  16,Total,80+,3774,2012,1762,3457,1847,1610,237,120,117,77,43,34,0,0,0,0,0,0,0,0,0,0,0,0
C4415,33,16,0000,District - Perambalur  *  16,Total,Age not stated,909,519,390,825,473,352,52,27,25,25,17,8,0,0,0,0,0,0,0,0,0,0,0,0
C4415,33,16,0000,District - Perambalur  *  16,Rural,All ages,414426,206807,207619,395569,197766,197803,12211,5700,6511,6304,3165,3139,3,2,1,1,1,0,4,2,2,19,9,10
C4415,33,16,0000,District - Perambalur  *  16,Rural,0-4,37082,19130,17952,35211,18147,17064,1260,656,604,580,312,268,1,1,0,0,0,0,0,0,0,2,1,1
C4415,33,16,0000,District - Perambalur  *  16,Rural,5-9,39104,20240,18864,37267,19274,17993,1240,656,584,572,300,272,0,0,0,0,0,0,0,0,0,2,0,2
C4415,33,16,0000,District - Perambalur  *  16,Rural,10-14,41655,21987,19668,39686,20964,18722,1312,636,676,626,368,258,1,1,0,0,0,0,0,0,0,2,2,0
C4415,33,16,0000,District - Perambalur  *  16,Rural,15-19,40359,20830,19529,38457,19876,18581,1271,594,677,599,344,255,0,0,0,0,0,0,1,0,1,1,0,1
C4415,33,16,0000,District - Perambalur  *  16,Rural,20-24,34314,16993,17321,32557,16189,16368,1161,509,652,567,279,288,0,0,0,0,0,0,0,0,0,1,0,1
C4415,33,16,0000,District - Perambalur  *  16,Rural,25-29,35552,16249,19303,33907,15551,18356,1030,440,590,579,240,339,0,0,0,1,1,0,2,2,0,2,1,1
C4415,33,16,0000,District - Perambalur  *  16,Rural,30-34,28141,13488,14653,26941,12951,13990,746,305,441,430,218,212,0,0,0,0,0,0,0,0,0,3,2,1
C4415,33,16,0000,District - Perambalur  *  16,Rural,35-39,32738,14780,17958,31479,14264,17215,757,292,465,481,210,271,0,0,0,0,0,0,0,0,0,0,0,0
C4415,33,16,0000,District - Perambalur  *  16,Rural,40-44,24425,12067,12358,23437,11651,11786,624,260,364,347,152,195,1,0,1,0,0,0,1,0,1,0,0,0
C4415,33,16,0000,District - Perambalur  *  16,Rural,45-49,24984,12226,12758,23943,11763,12180,637,268,369,382,186,196,0,0,0,0,0,0,0,0,0,2,1,1
C4415,33,16,0000,District - Perambalur  *  16,Rural,50-54,19939,10055,9884,19040,9631,9409,594,269,325,285,142,143,0,0,0,0,0,0,0,0,0,0,0,0
C4415,33,16,0000,District - Perambalur  *  16,Rural,55-59,16486,8193,8293,15833,7873,7960,393,195,198,246,117,129,0,0,0,0,0,0,0,0,0,2,1,1
C4415,33,16,0000,District - Perambalur  *  16,Rural,60-64,15318,7719,7599,14688,7391,7297,412,220,192,205,100,105,0,0,0,0,0,0,0,0,0,1,1,0
C4415,33,16,0000,District - Perambalur  *  16,Rural,65-69,10106,5116,4990,9636,4880,4756,303,159,144,162,75,87,0,0,0,0,0,0,0,0,0,0,0,0
C4415,33,16,0000,District - Perambalur  *  16,Rural,70-74,7135,3821,3314,6804,3660,3144,205,101,104,115,56,59,0,0,0,0,0,0,0,0,0,1,0,1
C4415,33,16,0000,District - Perambalur  *  16,Rural,75-79,3137,1793,1344,2976,1713,1263,102,54,48,57,24,33,0,0,0,0,0,0,0,0,0,0,0,0
C4415,33,16,0000,District - Perambalur  *  16,Rural,80+,3202,1704,1498,3011,1602,1409,136,71,65,52,29,23,0,0,0,0,0,0,0,0,0,0,0,0
C4415,33,16,0000,District - Perambalur  *  16,Rural,Age not stated,749,416,333,696,386,310,28,15,13,19,13,6,0,0,0,0,0,0,0,0,0,0,0,0
C4415,33,16,0000,District - Perambalur  *  16,Urban,All ages,79220,39334,39886,64489,32498,31991,12567,5800,6767,2108,1008,1100,0,0,0,6,4,2,11,7,4,11,6,5
C4415,33,16,0000,District - Perambalur  *  16,Urban,0-4,6435,3288,3147,5019,2608,2411,1257,599,658,156,79,77,0,0,0,0,0,0,1,0,1,1,1,0
C4415,33,16,0000,District - Perambalur  *  16,Urban,5-9,6922,3575,3347,5356,2768,2588,1427,731,696,131,72,59,0,0,0,0,0,0,3,2,1,0,0,0
C4415,33,16,0000,District - Perambalur  *  16,Urban,10-14,8564,4500,4064,6779,3553,3226,1624,863,761,157,80,77,0,0,0,1,1,0,1,1,0,1,1,0
C4415,33,16,0000,District - Perambalur  *  16,Urban,15-19,9463,4786,4677,7639,3890,3749,1575,779,796,243,114,129,0,0,0,1,1,0,0,0,0,1,1,0
C4415,33,16,0000,District - Perambalur  *  16,Urban,20-24,7385,3561,3824,5999,2873,3126,1154,585,569,229,101,128,0,0,0,1,1,0,0,0,0,1,1,0
C4415,33,16,0000,District - Perambalur  *  16,Urban,25-29,6811,3096,3715,5645,2640,3005,959,370,589,203,85,118,0,0,0,0,0,0,0,0,0,1,0,1
C4415,33,16,0000,District - Perambalur  *  16,Urban,30-34,5478,2573,2905,4558,2226,2332,743,271,472,174,76,98,0,0,0,0,0,0,1,0,1,1,0,1
C4415,33,16,0000,District - Perambalur  *  16,Urban,35-39,6276,2905,3371,5297,2557,2740,812,262,550,161,82,79,0,0,0,0,0,0,2,2,0,0,0,0
C4415,33,16,0000,District - Perambalur  *  16,Urban,40-44,4582,2275,2307,3874,1973,1901,586,248,338,118,51,67,0,0,0,0,0,0,1,1,0,0,0,0
C4415,33,16,0000,District - Perambalur  *  16,Urban,45-49,4712,2387,2325,4012,2116,1896,579,211,368,116,58,58,0,0,0,1,0,1,0,0,0,2,1,1
C4415,33,16,0000,District - Perambalur  *  16,Urban,50-54,3574,1834,1740,2978,1557,1421,476,215,261,118,61,57,0,0,0,1,1,0,0,0,0,1,0,1
C4415,33,16,0000,District - Perambalur  *  16,Urban,55-59,2576,1252,1324,2112,1064,1048,373,150,223,89,37,52,0,0,0,0,0,0,1,0,1,1,1,0
C4415,33,16,0000,District - Perambalur  *  16,Urban,60-64,2555,1267,1288,2111,1043,1068,364,179,185,78,45,33,0,0,0,0,0,0,0,0,0,0,0,0
C4415,33,16,0000,District - Perambalur  *  16,Urban,65-69,1551,776,775,1260,628,632,233,122,111,56,25,31,0,0,0,1,0,1,1,1,0,0,0,0
C4415,33,16,0000,District - Perambalur  *  16,Urban,70-74,1089,555,534,868,446,422,185,92,93,36,17,19,0,0,0,0,0,0,0,0,0,0,0,0
C4415,33,16,0000,District - Perambalur  *  16,Urban,75-79,515,293,222,407,224,183,95,62,33,12,7,5,0,0,0,0,0,0,0,0,0,1,0,1
C4415,33,16,0000,District - Perambalur  *  16,Urban,80+,572,308,264,446,245,201,101,49,52,25,14,11,0,0,0,0,0,0,0,0,0,0,0,0
C4415,33,16,0000,District - Perambalur  *  16,Urban,Age not stated,160,103,57,129,87,42,24,12,12,6,4,2,0,0,0,0,0,0,0,0,0,0,0,0
C4415,33,17,0000,District - Ariyalur  *  17,Total,All ages,695524,346763,348761,650988,324916,326072,7638,3841,3797,36261,17645,18616,59,50,9,3,2,1,27,14,13,13,8,5
C4415,33,17,0000,District - Ariyalur  *  17,Total,0-4,64099,32886,31213,60192,30866,29326,690,389,301,3152,1593,1559,0,0,0,1,1,0,4,3,1,2,2,0
C4415,33,17,0000,District - Ariyalur  *  17,Total,5-9,67348,34359,32989,63158,32283,30875,774,382,392,3363,1662,1701,3,1,2,0,0,0,4,1,3,0,0,0
C4415,33,17,0000,District - Ariyalur  *  17,Total,10-14,67958,34716,33242,63526,32471,31055,754,401,353,3620,1810,1810,0,0,0,0,0,0,2,2,0,0,0,0
C4415,33,17,0000,District - Ariyalur  *  17,Total,15-19,66442,33392,33050,62099,31283,30816,751,364,387,3537,1717,1820,2,2,0,0,0,0,2,0,2,2,1,1
C4415,33,17,0000,District - Ariyalur  *  17,Total,20-24,58228,28703,29525,54332,26788,27544,852,420,432,2984,1466,1518,8,6,2,0,0,0,6,2,4,1,0,1
C4415,33,17,0000,District - Ariyalur  *  17,Total,25-29,62580,28900,33680,58782,27143,31639,751,360,391,2980,1357,1623,15,14,1,0,0,0,4,2,2,1,1,0
C4415,33,17,0000,District - Ariyalur  *  17,Total,30-34,50329,24651,25678,47178,23175,24003,547,262,285,2555,1187,1368,13,12,1,0,0,0,1,1,0,0,0,0
C4415,33,17,0000,District - Ariyalur  *  17,Total,35-39,55582,26443,29139,52100,24838,27262,557,267,290,2876,1309,1567,7,7,0,0,0,0,3,2,1,0,0,0
C4415,33,17,0000,District - Ariyalur  *  17,Total,40-44,40679,20994,19685,38016,19669,18347,416,195,221,2213,1114,1099,3,3,0,0,0,0,1,1,0,1,0,1
C4415,33,17,0000,District - Ariyalur  *  17,Total,45-49,39761,19752,20009,37248,18531,18717,393,184,209,2090,1015,1075,2,1,1,0,0,0,0,0,0,2,1,1
C4415,33,17,0000,District - Ariyalur  *  17,Total,50-54,30798,15346,15452,28773,14331,14442,303,158,145,1708,849,859,1,1,0,0,0,0,0,0,0,0,0,0
C4415,33,17,0000,District - Ariyalur  *  17,Total,55-59,26965,12907,14058,25316,12093,13223,251,135,116,1383,672,711,1,1,0,0,0,0,0,0,0,1,1,0
C4415,33,17,0000,District - Ariyalur  *  17,Total,60-64,24617,12477,12140,23046,11719,11327,217,108,109,1338,643,695,1,0,1,0,0,0,0,0,0,0,0,0
C4415,33,17,0000,District - Ariyalur  *  17,Total,65-69,16665,8408,8257,15485,7809,7676,161,100,61,1006,495,511,0,0,0,0,0,0,0,0,0,2,1,1
C4415,33,17,0000,District - Ariyalur  *  17,Total,70-74,11581,6177,5404,10772,5755,5017,111,54,57,690,363,327,0,0,0,0,0,0,0,0,0,0,0,0
C4415,33,17,0000,District - Ariyalur  *  17,Total,75-79,5436,3166,2270,5020,2932,2088,39,28,11,369,199,170,3,2,1,0,0,0,0,0,0,1,1,0
C4415,33,17,0000,District - Ariyalur  *  17,Total,80+,5334,2879,2455,4933,2680,2253,49,24,25,351,175,176,0,0,0,0,0,0,0,0,0,0,0,0
C4415,33,17,0000,District - Ariyalur  *  17,Total,Age not stated,1122,607,515,1012,550,462,22,10,12,46,19,27,0,0,0,2,1,1,0,0,0,0,0,0
C4415,33,17,0000,District - Ariyalur  *  17,Rural,All ages,616539,307670,308869,584485,291854,292631,4148,2063,2085,27323,13420,13903,53,49,4,3,2,1,7,3,4,9,5,4
C4415,33,17,0000,District - Ariyalur  *  17,Rural,0-4,57197,29387,27810,54422,27943,26479,385,213,172,2331,1197,1134,0,0,0,1,1,0,0,0,0,1,1,0
C4415,33,17,0000,District - Ariyalur  *  17,Rural,5-9,59958,30629,29329,56987,29143,27844,451,215,236,2478,1245,1233,1,0,1,0,0,0,0,0,0,0,0,0
C4415,33,17,0000,District - Ariyalur  *  17,Rural,10-14,59610,30655,28955,56602,29118,27484,413,221,192,2542,1284,1258,0,0,0,0,0,0,2,2,0,0,0,0
C4415,33,17,0000,District - Ariyalur  *  17,Rural,15-19,58351,29450,28901,55344,27933,27411,396,195,201,2558,1294,1264,2,2,0,0,0,0,1,0,1,2,1,1
C4415,33,17,0000,District - Ariyalur  *  17,Rural,20-24,51287,25338,25949,48475,23957,24518,445,222,223,2312,1132,1180,7,6,1,0,0,0,2,0,2,1,0,1
C4415,33,17,0000,District - Ariyalur  *  17,Rural,25-29,55397,25621,29776,52645,24351,28294,387,184,203,2304,1048,1256,15,14,1,0,0,0,0,0,0,1,1,0
C4415,33,17,0000,District - Ariyalur  *  17,Rural,30-34,44356,21791,22565,42056,20691,21365,300,138,162,1956,938,1018,12,12,0,0,0,0,0,0,0,0,0,0
C4415,33,17,0000,District - Ariyalur  *  17,Rural,35-39,49095,23264,25831,46551,22114,24437,304,139,165,2194,984,1210,7,7,0,0,0,0,2,1,1,0,0,0
C4415,33,17,0000,District - Ariyalur  *  17,Rural,40-44,35926,18466,17460,33964,17505,16459,206,90,116,1724,857,867,3,3,0,0,0,0,0,0,0,1,0,1
C4415,33,17,0000,District - Ariyalur  *  17,Rural,45-49,35443,17536,17907,33567,16623,16944,218,101,117,1629,790,839,1,1,0,0,0,0,0,0,0,2,1,1
C4415,33,17,0000,District - Ariyalur  *  17,Rural,50-54,27430,13609,13821,25939,12855,13084,169,83,86,1308,663,645,1,1,0,0,0,0,0,0,0,0,0,0
C4415,33,17,0000,District - Ariyalur  *  17,Rural,55-59,24241,11621,12620,23028,11019,12009,136,73,63,1063,522,541,1,1,0,0,0,0,0,0,0,1,1,0
C4415,33,17,0000,District - Ariyalur  *  17,Rural,60-64,22183,11201,10982,20995,10638,10357,131,62,69,1042,495,547,1,0,1,0,0,0,0,0,0,0,0,0
C4415,33,17,0000,District - Ariyalur  *  17,Rural,65-69,14978,7529,7449,14132,7095,7037,84,59,25,751,372,379,0,0,0,0,0,0,0,0,0,0,0,0
C4415,33,17,0000,District - Ariyalur  *  17,Rural,70-74,10474,5609,4865,9868,5285,4583,62,32,30,536,287,249,0,0,0,0,0,0,0,0,0,0,0,0
C4415,33,17,0000,District - Ariyalur  *  17,Rural,75-79,4876,2868,2008,4559,2683,1876,20,16,4,291,163,128,2,2,0,0,0,0,0,0,0,0,0,0
C4415,33,17,0000,District - Ariyalur  *  17,Rural,80+,4734,2558,2176,4440,2409,2031,23,11,12,270,138,132,0,0,0,0,0,0,0,0,0,0,0,0
C4415,33,17,0000,District - Ariyalur  *  17,Rural,Age not stated,1003,538,465,911,492,419,18,9,9,34,11,23,0,0,0,2,1,1,0,0,0,0,0,0
C4415,33,17,0000,District - Ariyalur  *  17,Urban,All ages,78985,39093,39892,66503,33062,33441,3490,1778,1712,8938,4225,4713,6,1,5,0,0,0,20,11,9,4,3,1
C4415,33,17,0000,District - Ariyalur  *  17,Urban,0-4,6902,3499,3403,5770,2923,2847,305,176,129,821,396,425,0,0,0,0,0,0,4,3,1,1,1,0
C4415,33,17,0000,District - Ariyalur  *  17,Urban,5-9,7390,3730,3660,6171,3140,3031,323,167,156,885,417,468,2,1,1,0,0,0,4,1,3,0,0,0
C4415,33,17,0000,District - Ariyalur  *  17,Urban,10-14,8348,4061,4287,6924,3353,3571,341,180,161,1078,526,552,0,0,0,0,0,0,0,0,0,0,0,0
C4415,33,17,0000,District - Ariyalur  *  17,Urban,15-19,8091,3942,4149,6755,3350,3405,355,169,186,979,423,556,0,0,0,0,0,0,1,0,1,0,0,0
C4415,33,17,0000,District - Ariyalur  *  17,Urban,20-24,6941,3365,3576,5857,2831,3026,407,198,209,672,334,338,1,0,1,0,0,0,4,2,2,0,0,0
C4415,33,17,0000,District - Ariyalur  *  17,Urban,25-29,7183,3279,3904,6137,2792,3345,364,176,188,676,309,367,0,0,0,0,0,0,4,2,2,0,0,0
C4415,33,17,0000,District - Ariyalur  *  17,Urban,30-34,5973,2860,3113,5122,2484,2638,247,124,123,599,249,350,1,0,1,0,0,0,1,1,0,0,0,0
C4415,33,17,0000,District - Ariyalur  *  17,Urban,35-39,6487,3179,3308,5549,2724,2825,253,128,125,682,325,357,0,0,0,0,0,0,1,1,0,0,0,0
C4415,33,17,0000,District - Ariyalur  *  17,Urban,40-44,4753,2528,2225,4052,2164,1888,210,105,105,489,257,232,0,0,0,0,0,0,1,1,0,0,0,0
C4415,33,17,0000,District - Ariyalur  *  17,Urban,45-49,4318,2216,2102,3681,1908,1773,175,83,92,461,225,236,1,0,1,0,0,0,0,0,0,0,0,0
C4415,33,17,0000,District - Ariyalur  *  17,Urban,50-54,3368,1737,1631,2834,1476,1358,134,75,59,400,186,214,0,0,0,0,0,0,0,0,0,0,0,0
C4415,33,17,0000,District - Ariyalur  *  17,Urban,55-59,2724,1286,1438,2288,1074,1214,115,62,53,320,150,170,0,0,0,0,0,0,0,0,0,0,0,0
C4415,33,17,0000,District - Ariyalur  *  17,Urban,60-64,2434,1276,1158,2051,1081,970,86,46,40,296,148,148,0,0,0,0,0,0,0,0,0,0,0,0
C4415,33,17,0000,District - Ariyalur  *  17,Urban,65-69,1687,879,808,1353,714,639,77,41,36,255,123,132,0,0,0,0,0,0,0,0,0,2,1,1
C4415,33,17,0000,District - Ariyalur  *  17,Urban,70-74,1107,568,539,904,470,434,49,22,27,154,76,78,0,0,0,0,0,0,0,0,0,0,0,0
C4415,33,17,0000,District - Ariyalur  *  17,Urban,75-79,560,298,262,461,249,212,19,12,7,78,36,42,1,0,1,0,0,0,0,0,0,1,1,0
C4415,33,17,0000,District - Ariyalur  *  17,Urban,80+,600,321,279,493,271,222,26,13,13,81,37,44,0,0,0,0,0,0,0,0,0,0,0,0
C4415,33,17,0000,District - Ariyalur  *  17,Urban,Age not stated,119,69,50,101,58,43,4,1,3,12,8,4,0,0,0,0,0,0,0,0,0,0,0,0
C4415,33,18,0000,District - Cuddalore  18,Total,All ages,2285395,1150908,1134487,2105292,1061290,1044002,102508,50317,52191,73611,37265,36346,234,143,91,83,45,38,1284,653,631,232,130,102
C4415,33,18,0000,District - Cuddalore  18,Total,0-4,204146,104182,99964,188358,96072,92286,9313,4771,4542,6120,3156,2964,15,5,10,11,8,3,105,55,50,25,13,12
C4415,33,18,0000,District - Cuddalore  18,Total,5-9,216327,109952,106375,199139,101258,97881,10244,5067,5177,6596,3459,3137,13,8,5,10,3,7,101,39,62,16,10,6
C4415,33,18,0000,District - Cuddalore  18,Total,10-14,234632,119853,114779,215548,110054,105494,11070,5593,5477,7639,4017,3622,14,7,7,5,3,2,119,54,65,25,17,8
C4415,33,18,0000,District - Cuddalore  18,Total,15-19,235561,119138,116423,216124,109619,106505,11543,5594,5949,7499,3738,3761,12,7,5,1,0,1,130,58,72,26,14,12
C4415,33,18,0000,District - Cuddalore  18,Total,20-24,209172,104250,104922,191140,95414,95726,10988,5239,5749,6656,3385,3271,26,17,9,6,4,2,147,92,55,27,14,13
C4415,33,18,0000,District - Cuddalore  18,Total,25-29,209680,99101,110579,192915,91374,101541,9769,4461,5308,6655,3098,3557,33,21,12,12,7,5,121,61,60,18,9,9
C4415,33,18,0000,District - Cuddalore  18,Total,30-34,169711,84048,85663,156154,77521,78633,7419,3508,3911,5782,2835,2947,33,24,9,10,4,6,111,61,50,25,16,9
C4415,33,18,0000,District - Cuddalore  18,Total,35-39,181468,87533,93935,167754,80982,86772,7504,3537,3967,5916,2862,3054,17,14,3,7,4,3,113,57,56,13,7,6
C4415,33,18,0000,District - Cuddalore  18,Total,40-44,135930,72498,63432,125835,67163,58672,5441,2858,2583,4424,2346,2078,18,8,10,5,4,1,79,44,35,12,4,8
C4415,33,18,0000,District - Cuddalore  18,Total,45-49,127068,65865,61203,117787,61125,56662,4967,2526,2441,4120,2118,2002,14,11,3,3,1,2,70,35,35,14,8,6
C4415,33,18,0000,District - Cuddalore  18,Total,50-54,97412,49535,47877,90056,45839,44217,3860,1973,1887,3335,1640,1695,11,7,4,4,2,2,54,29,25,8,5,3
C4415,33,18,0000,District - Cuddalore  18,Total,55-59,76110,37535,38575,70397,34747,35650,2946,1422,1524,2663,1311,1352,5,4,1,2,1,1,36,18,18,7,2,5
C4415,33,18,0000,District - Cuddalore  18,Total,60-64,71567,36346,35221,66379,33666,32713,2649,1373,1276,2413,1243,1170,8,1,7,2,1,1,39,20,19,6,5,1
C4415,33,18,0000,District - Cuddalore  18,Total,65-69,45158,22701,22457,41631,20925,20706,1832,898,934,1630,840,790,5,4,1,1,1,0,29,17,12,4,2,2
C4415,33,18,0000,District - Cuddalore  18,Total,70-74,33097,17718,15379,30728,16418,14310,1281,663,618,1047,613,434,2,2,0,1,1,0,14,6,8,1,1,0
C4415,33,18,0000,District - Cuddalore  18,Total,75-79,15317,8515,6802,14164,7922,6242,635,316,319,499,268,231,1,0,1,1,0,1,9,3,6,1,0,1
C4415,33,18,0000,District - Cuddalore  18,Total,80+,16420,8664,7756,15157,8033,7124,760,363,397,479,255,224,3,1,2,2,1,1,6,3,3,3,2,1
C4415,33,18,0000,District - Cuddalore  18,Total,Age not stated,6619,3474,3145,6026,3158,2868,287,155,132,138,81,57,4,2,2,0,0,0,1,1,0,1,1,0
C4415,33,18,0000,District - Cuddalore  18,Rural,All ages,1531034,771786,759248,1454406,733288,721118,31377,15383,15994,43408,22151,21257,50,26,24,20,9,11,53,26,27,111,66,45
C4415,33,18,0000,District - Cuddalore  18,Rural,0-4,141643,72235,69408,134652,68617,66035,2940,1553,1387,3880,1981,1899,2,0,2,3,2,1,6,2,4,9,4,5
C4415,33,18,0000,District - Cuddalore  18,Rural,5-9,148798,75539,73259,141374,71768,69606,3228,1562,1666,4025,2120,1905,1,0,1,2,0,2,3,0,3,8,5,3
C4415,33,18,0000,District - Cuddalore  18,Rural,10-14,157637,80736,76901,149597,76524,73073,3448,1774,1674,4404,2330,2074,4,2,2,2,0,2,4,3,1,19,13,6
C4415,33,18,0000,District - Cuddalore  18,Rural,15-19,159207,81037,78170,151056,77017,74039,3575,1715,1860,4373,2200,2173,4,2,2,0,0,0,11,6,5,18,10,8
C4415,33,18,0000,District - Cuddalore  18,Rural,20-24,137642,69803,67839,130257,66066,64191,3288,1584,1704,3944,2072,1872,5,1,4,1,1,0,7,5,2,15,8,7
C4415,33,18,0000,District - Cuddalore  18,Rural,25-29,137305,65709,71596,130332,62432,67900,2932,1319,1613,3908,1894,2014,5,3,2,3,2,1,1,1,0,8,4,4
C4415,33,18,0000,District - Cuddalore  18,Rural,30-34,107166,53075,54091,101766,50436,51330,2145,1002,1143,3097,1564,1533,9,6,3,2,1,1,3,1,2,7,5,2
C4415,33,18,0000,District - Cuddalore  18,Rural,35-39,118782,56368,62414,113155,53654,59501,2218,1071,1147,3296,1585,1711,0,0,0,1,1,0,4,1,3,4,3,1
C4415,33,18,0000,District - Cuddalore  18,Rural,40-44,88655,46045,42610,84499,43923,40576,1612,817,795,2439,1245,1194,6,2,4,2,1,1,4,3,1,4,2,2
C4415,33,18,0000,District - Cuddalore  18,Rural,45-49,86574,44128,42446,82503,42115,40388,1506,727,779,2476,1242,1234,4,4,0,0,0,0,2,0,2,8,4,4
C4415,33,18,0000,District - Cuddalore  18,Rural,50-54,66054,33409,32645,62821,31822,30999,1176,586,590,1986,964,1022,4,4,0,2,1,1,0,0,0,2,2,0
C4415,33,18,0000,District - Cuddalore  18,Rural,55-59,52440,25930,26510,49754,24595,25159,987,476,511,1650,833,817,0,0,0,1,0,1,2,1,1,3,1,2
C4415,33,18,0000,District - Cuddalore  18,Rural,60-64,49788,25267,24521,47354,24002,23352,870,459,411,1497,773,724,2,0,2,0,0,0,5,2,3,1,1,0
C4415,33,18,0000,District - Cuddalore  18,Rural,65-69,31104,15812,15292,29528,15012,14516,556,269,287,996,517,479,0,0,0,0,0,0,0,0,0,1,1,0
C4415,33,18,0000,District - Cuddalore  18,Rural,70-74,22711,12535,10176,21636,11899,9737,367,201,166,691,425,266,0,0,0,0,0,0,0,0,0,0,0,0
C4415,33,18,0000,District - Cuddalore  18,Rural,75-79,10123,5817,4306,9590,5537,4053,206,108,98,320,166,154,0,0,0,0,0,0,1,1,0,0,0,0
C4415,33,18,0000,District - Cuddalore  18,Rural,80+,10807,5947,4860,10220,5631,4589,251,126,125,324,182,142,1,1,0,1,0,1,0,0,0,3,2,1
C4415,33,18,0000,District - Cuddalore  18,Rural,Age not stated,4598,2394,2204,4312,2238,2074,72,34,38,102,58,44,3,1,2,0,0,0,0,0,0,1,1,0
C4415,33,18,0000,District - Cuddalore  18,Urban,All ages,754361,379122,375239,650886,328002,322884,71131,34934,36197,30203,15114,15089,184,117,67,63,36,27,1231,627,604,121,64,57
C4415,33,18,0000,District - Cuddalore  18,Urban,0-4,62503,31947,30556,53706,27455,26251,6373,3218,3155,2240,1175,1065,13,5,8,8,6,2,99,53,46,16,9,7
C4415,33,18,0000,District - Cuddalore  18,Urban,5-9,67529,34413,33116,57765,29490,28275,7016,3505,3511,2571,1339,1232,12,8,4,8,3,5,98,39,59,8,5,3
C4415,33,18,0000,District - Cuddalore  18,Urban,10-14,76995,39117,37878,65951,33530,32421,7622,3819,3803,3235,1687,1548,10,5,5,3,3,0,115,51,64,6,4,2
C4415,33,18,0000,District - Cuddalore  18,Urban,15-19,76354,38101,38253,65068,32602,32466,7968,3879,4089,3126,1538,1588,8,5,3,1,0,1,119,52,67,8,4,4
C4415,33,18,0000,District - Cuddalore  18,Urban,20-24,71530,34447,37083,60883,29348,31535,7700,3655,4045,2712,1313,1399,21,16,5,5,3,2,140,87,53,12,6,6
C4415,33,18,0000,District - Cuddalore  18,Urban,25-29,72375,33392,38983,62583,28942,33641,6837,3142,3695,2747,1204,1543,28,18,10,9,5,4,120,60,60,10,5,5
C4415,33,18,0000,District - Cuddalore  18,Urban,30-34,62545,30973,31572,54388,27085,27303,5274,2506,2768,2685,1271,1414,24,18,6,8,3,5,108,60,48,18,11,7
C4415,33,18,0000,District - Cuddalore  18,Urban,35-39,62686,31165,31521,54599,27328,27271,5286,2466,2820,2620,1277,1343,17,14,3,6,3,3,109,56,53,9,4,5
C4415,33,18,0000,District - Cuddalore  18,Urban,40-44,47275,26453,20822,41336,23240,18096,3829,2041,1788,1985,1101,884,12,6,6,3,3,0,75,41,34,8,2,6
C4415,33,18,0000,District - Cuddalore  18,Urban,45-49,40494,21737,18757,35284,19010,16274,3461,1799,1662,1644,876,768,10,7,3,3,1,2,68,35,33,6,4,2
C4415,33,18,0000,District - Cuddalore  18,Urban,50-54,31358,16126,15232,27235,14017,13218,2684,1387,1297,1349,676,673,7,3,4,2,1,1,54,29,25,6,3,3
C4415,33,18,0000,District - Cuddalore  18,Urban,55-59,23670,11605,12065,20643,10152,10491,1959,946,1013,1013,478,535,5,4,1,1,1,0,34,17,17,4,1,3
C4415,33,18,0000,District - Cuddalore  18,Urban,60-64,21779,11079,10700,19025,9664,9361,1779,914,865,916,470,446,6,1,5,2,1,1,34,18,16,5,4,1
C4415,33,18,0000,District - Cuddalore  18,Urban,65-69,14054,6889,7165,12103,5913,6190,1276,629,647,634,323,311,5,4,1,1,1,0,29,17,12,3,1,2
C4415,33,18,0000,District - Cuddalore  18,Urban,70-74,10386,5183,5203,9092,4519,4573,914,462,452,356,188,168,2,2,0,1,1,0,14,6,8,1,1,0
C4415,33,18,0000,District - Cuddalore  18,Urban,75-79,5194,2698,2496,4574,2385,2189,429,208,221,179,102,77,1,0,1,1,0,1,8,2,6,1,0,1
C4415,33,18,0000,District - Cuddalore  18,Urban,80+,5613,2717,2896,4937,2402,2535,509,237,272,155,73,82,2,0,2,1,1,0,6,3,3,0,0,0
C4415,33,18,0000,District - Cuddalore  18,Urban,Age not stated,2021,1080,941,1714,920,794,215,121,94,36,23,13,1,1,0,0,0,0,1,1,0,0,0,0
C4415,33,19,0000,District - Nagapattinam  *  19,Total,All ages,1488839,739074,749765,1328144,663125,665019,112753,52446,60307,45780,22350,23430,77,43,34,40,21,19,819,451,368,76,39,37
C4415,33,19,0000,District - Nagapattinam  *  19,Total,0-4,129910,65979,63931,115918,58791,57127,10133,5215,4918,3684,1883,1801,5,4,1,2,1,1,71,39,32,8,3,5
C4415,33,19,0000,District - Nagapattinam  *  19,Total,5-9,140873,71454,69419,125414,63685,61729,10945,5589,5356,4305,2079,2226,13,5,8,6,3,3,88,42,46,6,3,3
C4415,33,19,0000,District - Nagapattinam  *  19,Total,10-14,149069,74584,74485,132739,66355,66384,11430,5758,5672,4696,2345,2351,4,3,1,2,1,1,78,45,33,4,2,2
C4415,33,19,0000,District - Nagapattinam  *  19,Total,15-19,154668,76673,77995,136859,68062,68797,12586,6041,6545,4989,2444,2545,7,5,2,7,4,3,94,59,35,1,1,0
C4415,33,19,0000,District - Nagapattinam  *  19,Total,20-24,133394,65928,67466,117345,58460,58885,11642,5325,6317,4194,2033,2161,10,5,5,6,4,2,92,49,43,9,2,7
C4415,33,19,0000,District - Nagapattinam  *  19,Total,25-29,125322,58034,67288,111145,51959,59186,10218,4237,5981,3753,1734,2019,7,5,2,1,0,1,96,46,50,14,8,6
C4415,33,19,0000,District - Nagapattinam  *  19,Total,30-34,105237,50995,54242,93653,45779,47874,8205,3631,4574,3222,1500,1722,3,1,2,5,2,3,64,37,27,5,4,1
C4415,33,19,0000,District - Nagapattinam  *  19,Total,35-39,114640,53902,60738,102952,48717,54235,8113,3516,4597,3416,1591,1825,8,3,5,2,2,0,60,32,28,5,3,2
C4415,33,19,0000,District - Nagapattinam  *  19,Total,40-44,89488,45785,43703,80830,41654,39176,5698,2632,3066,2827,1428,1399,6,3,3,2,1,1,47,30,17,3,1,2
C4415,33,19,0000,District - Nagapattinam  *  19,Total,45-49,86141,43783,42358,77848,39872,37976,5563,2524,3039,2622,1330,1292,5,2,3,2,0,2,40,18,22,2,1,1
C4415,33,19,0000,District - Nagapattinam  *  19,Total,50-54,66452,34222,32230,59728,31061,28667,4526,2058,2468,2103,1048,1055,3,2,1,0,0,0,33,20,13,4,1,3
C4415,33,19,0000,District - Nagapattinam  *  19,Total,55-59,51883,25881,26002,46635,23550,23085,3567,1545,2022,1622,756,866,2,1,1,1,1,0,13,10,3,6,2,4
C4415,33,19,0000,District - Nagapattinam  *  19,Total,60-64,49720,25105,24615,44701,22847,21854,3483,1478,2005,1481,746,735,0,0,0,1,0,1,11,7,4,3,2,1
C4415,33,19,0000,District - Nagapattinam  *  19,Total,65-69,32606,15999,16607,29304,14528,14776,2242,925,1317,1023,526,497,2,2,0,0,0,0,10,6,4,4,4,0
C4415,33,19,0000,District - Nagapattinam  *  19,Total,70-74,24891,12903,11988,22339,11753,10586,1825,803,1022,694,330,364,1,1,0,1,1,0,10,5,5,1,1,0
C4415,33,19,0000,District - Nagapattinam  *  19,Total,75-79,11698,6428,5270,10536,5845,4691,845,403,442,307,177,130,0,0,0,0,0,0,3,2,1,0,0,0
C4415,33,19,0000,District - Nagapattinam  *  19,Total,80+,13164,6621,6543,11790,6029,5761,967,386,581,390,196,194,1,1,0,0,0,0,3,0,3,0,0,0
C4415,33,19,0000,District - Nagapattinam  *  19,Total,Age not stated,9683,4798,4885,8408,4178,4230,765,380,385,452,204,248,0,0,0,2,1,1,6,4,2,1,1,0
C4415,33,19,0000,District - Nagapattinam  *  19,Rural,All ages,1158557,576010,582547,1058710,529211,529499,68716,31296,37420,30114,14969,15145,43,23,20,20,10,10,89,51,38,33,18,15
C4415,33,19,0000,District - Nagapattinam  *  19,Rural,0-4,103004,52261,50743,94176,47736,46440,6253,3203,3050,2492,1281,1211,4,3,1,1,0,1,5,2,3,2,1,1
C4415,33,19,0000,District - Nagapattinam  *  19,Rural,5-9,111913,56792,55121,102067,51828,50239,6810,3471,3339,2952,1454,1498,6,2,4,5,3,2,6,4,2,2,0,2
C4415,33,19,0000,District - Nagapattinam  *  19,Rural,10-14,117287,58839,58448,106733,53527,53206,7276,3650,3626,3184,1600,1584,3,2,1,1,0,1,7,4,3,4,2,2
C4415,33,19,0000,District - Nagapattinam  *  19,Rural,15-19,120292,59905,60387,109115,54482,54633,7801,3733,4068,3265,1642,1623,4,3,1,4,2,2,9,4,5,1,1,0
C4415,33,19,0000,District - Nagapattinam  *  19,Rural,20-24,101775,50637,51138,92041,46077,45964,7019,3171,3848,2633,1344,1289,3,1,2,2,1,1,5,2,3,2,1,1
C4415,33,19,0000,District - Nagapattinam  *  19,Rural,25-29,95367,44135,51232,86878,40634,46244,6037,2353,3684,2366,1103,1263,3,2,1,1,0,1,12,6,6,6,3,3
C4415,33,19,0000,District - Nagapattinam  *  19,Rural,30-34,79900,38395,41505,73072,35483,37589,4759,1961,2798,2001,917,1084,1,0,1,1,0,1,6,2,4,2,2,0
C4415,33,19,0000,District - Nagapattinam  *  19,Rural,35-39,89039,41547,47492,81786,38461,43325,4925,2007,2918,2257,1047,1210,4,1,3,2,2,0,4,3,1,2,0,2
C4415,33,19,0000,District - Nagapattinam  *  19,Rural,40-44,69776,35546,34230,64375,33048,31327,3446,1522,1924,1894,947,947,4,2,2,1,0,1,5,4,1,1,1,0
C4415,33,19,0000,District - Nagapattinam  *  19,Rural,45-49,67413,34326,33087,62186,31856,30330,3401,1525,1876,1777,917,860,3,1,2,0,0,0,6,3,3,1,1,0
C4415,33,19,0000,District - Nagapattinam  *  19,Rural,50-54,51650,26596,25054,47524,24656,22868,2697,1212,1485,1378,698,680,3,2,1,0,0,0,8,5,3,1,0,1
C4415,33,19,0000,District - Nagapattinam  *  19,Rural,55-59,40835,20452,20383,37506,18976,18530,2199,931,1268,1093,528,565,1,0,1,1,1,0,4,3,1,3,1,2
C4415,33,19,0000,District - Nagapattinam  *  19,Rural,60-64,39276,19877,19399,36097,18497,17600,2158,840,1318,985,518,467,0,0,0,0,0,0,3,2,1,2,1,1
C4415,33,19,0000,District - Nagapattinam  *  19,Rural,65-69,25600,12792,12808,23515,11860,11655,1384,562,822,679,356,323,2,2,0,0,0,0,1,1,0,3,3,0
C4415,33,19,0000,District - Nagapattinam  *  19,Rural,70-74,19243,10180,9063,17679,9434,8245,1120,505,615,426,231,195,1,1,0,1,1,0,1,1,0,0,0,0
C4415,33,19,0000,District - Nagapattinam  *  19,Rural,75-79,8762,4910,3852,8081,4559,3522,505,247,258,170,102,68,0,0,0,0,0,0,1,1,0,0,0,0
C4415,33,19,0000,District - Nagapattinam  *  19,Rural,80+,9925,5083,4842,9120,4725,4395,579,229,350,217,123,94,1,1,0,0,0,0,1,0,1,0,0,0
C4415,33,19,0000,District - Nagapattinam  *  19,Rural,Age not stated,7500,3737,3763,6759,3372,3387,347,174,173,345,161,184,0,0,0,0,0,0,5,4,1,1,1,0
C4415,33,19,0000,District - Nagapattinam  *  19,Urban,All ages,330282,163064,167218,269434,133914,135520,44037,21150,22887,15666,7381,8285,34,20,14,20,11,9,730,400,330,43,21,22
C4415,33,19,0000,District - Nagapattinam  *  19,Urban,0-4,26906,13718,13188,21742,11055,10687,3880,2012,1868,1192,602,590,1,1,0,1,1,0,66,37,29,6,2,4
C4415,33,19,0000,District - Nagapattinam  *  19,Urban,5-9,28960,14662,14298,23347,11857,11490,4135,2118,2017,1353,625,728,7,3,4,1,0,1,82,38,44,4,3,1
C4415,33,19,0000,District - Nagapattinam  *  19,Urban,10-14,31782,15745,16037,26006,12828,13178,4154,2108,2046,1512,745,767,1,1,0,1,1,0,71,41,30,0,0,0
C4415,33,19,0000,District - Nagapattinam  *  19,Urban,15-19,34376,16768,17608,27744,13580,14164,4785,2308,2477,1724,802,922,3,2,1,3,2,1,85,55,30,0,0,0
C4415,33,19,0000,District - Nagapattinam  *  19,Urban,20-24,31619,15291,16328,25304,12383,12921,4623,2154,2469,1561,689,872,7,4,3,4,3,1,87,47,40,7,1,6
C4415,33,19,0000,District - Nagapattinam  *  19,Urban,25-29,29955,13899,16056,24267,11325,12942,4181,1884,2297,1387,631,756,4,3,1,0,0,0,84,40,44,8,5,3
C4415,33,19,0000,District - Nagapattinam  *  19,Urban,30-34,25337,12600,12737,20581,10296,10285,3446,1670,1776,1221,583,638,2,1,1,4,2,2,58,35,23,3,2,1
C4415,33,19,0000,District - Nagapattinam  *  19,Urban,35-39,25601,12355,13246,21166,10256,10910,3188,1509,1679,1159,544,615,4,2,2,0,0,0,56,29,27,3,3,0
C4415,33,19,0000,District - Nagapattinam  *  19,Urban,40-44,19712,10239,9473,16455,8606,7849,2252,1110,1142,933,481,452,2,1,1,1,1,0,42,26,16,2,0,2
C4415,33,19,0000,District - Nagapattinam  *  19,Urban,45-49,18728,9457,9271,15662,8016,7646,2162,999,1163,845,413,432,2,1,1,2,0,2,34,15,19,1,0,1
C4415,33,19,0000,District - Nagapattinam  *  19,Urban,50-54,14802,7626,7176,12204,6405,5799,1829,846,983,725,350,375,0,0,0,0,0,0,25,15,10,3,1,2
C4415,33,19,0000,District - Nagapattinam  *  19,Urban,55-59,11048,5429,5619,9129,4574,4555,1368,614,754,529,228,301,1,1,0,0,0,0,9,7,2,3,1,2
C4415,33,19,0000,District - Nagapattinam  *  19,Urban,60-64,10444,5228,5216,8604,4350,4254,1325,638,687,496,228,268,0,0,0,1,0,1,8,5,3,1,1,0
C4415,33,19,0000,District - Nagapattinam  *  19,Urban,65-69,7006,3207,3799,5789,2668,3121,858,363,495,344,170,174,0,0,0,0,0,0,9,5,4,1,1,0
C4415,33,19,0000,District - Nagapattinam  *  19,Urban,70-74,5648,2723,2925,4660,2319,2341,705,298,407,268,99,169,0,0,0,0,0,0,9,4,5,1,1,0
C4415,33,19,0000,District - Nagapattinam  *  19,Urban,75-79,2936,1518,1418,2455,1286,1169,340,156,184,137,75,62,0,0,0,0,0,0,2,1,1,0,0,0
C4415,33,19,0000,District - Nagapattinam  *  19,Urban,80+,3239,1538,1701,2670,1304,1366,388,157,231,173,73,100,0,0,0,0,0,0,2,0,2,0,0,0
C4415,33,19,0000,District - Nagapattinam  *  19,Urban,Age not stated,2183,1061,1122,1649,806,843,418,206,212,107,43,64,0,0,0,2,1,1,1,0,1,0,0,0
C4415,33,20,0000,District - Thiruvarur  20,Total,All ages,1169474,580784,588690,1052373,525534,526839,83243,38652,44591,31621,15507,16114,26,16,10,7,2,5,205,108,97,69,43,26
C4415,33,20,0000,District - Thiruvarur  20,Total,0-4,99565,50514,49051,88889,45175,43714,7748,3859,3889,2693,1367,1326,3,1,2,1,0,1,17,11,6,6,3,3
C4415,33,20,0000,District - Thiruvarur  20,Total,5-9,107202,54309,52893,95927,48649,47278,8119,4026,4093,2919,1512,1407,3,1,2,1,1,0,14,10,4,4,2,2
C4415,33,20,0000,District - Thiruvarur  20,Total,10-14,113975,57190,56785,101724,51075,50649,8600,4338,4262,3413,1652,1761,1,1,0,2,0,2,15,9,6,6,6,0
C4415,33,20,0000,District - Thiruvarur  20,Total,15-19,119701,59173,60528,107028,53298,53730,9013,4147,4866,3442,1638,1804,2,2,0,0,0,0,14,8,6,5,4,1
C4415,33,20,0000,District - Thiruvarur  20,Total,20-24,105512,51945,53567,93874,46480,47394,8763,4068,4695,2716,1331,1385,1,0,1,0,0,0,16,7,9,9,6,3
C4415,33,20,0000,District - Thiruvarur  20,Total,25-29,101874,47294,54580,91362,42874,48488,7667,3154,4513,2663,1190,1473,3,2,1,1,0,1,18,7,11,4,1,3
C4415,33,20,0000,District - Thiruvarur  20,Total,30-34,85834,41617,44217,77170,37698,39472,6220,2777,3443,2294,1067,1227,2,2,0,1,1,0,17,9,8,9,4,5
C4415,33,20,0000,District - Thiruvarur  20,Total,35-39,94286,44407,49879,85602,40584,45018,5912,2538,3374,2589,1200,1389,2,2,0,0,0,0,21,9,12,6,5,1
C4415,33,20,0000,District - Thiruvarur  20,Total,40-44,72842,37577,35265,66577,34536,32041,4292,1995,2297,1860,982,878,1,1,0,0,0,0,15,10,5,1,0,1
C4415,33,20,0000,District - Thiruvarur  20,Total,45-49,70458,35719,34739,64376,32840,31536,4133,1885,2248,1854,944,910,0,0,0,0,0,0,10,6,4,2,1,1
C4415,33,20,0000,District - Thiruvarur  20,Total,50-54,53736,27776,25960,48764,25420,23344,3478,1593,1885,1412,727,685,1,0,1,0,0,0,13,6,7,2,0,2
C4415,33,20,0000,District - Thiruvarur  20,Total,55-59,42770,21265,21505,38877,19458,19419,2700,1222,1478,1120,547,573,1,1,0,0,0,0,2,0,2,4,4,0
C4415,33,20,0000,District - Thiruvarur  20,Total,60-64,39260,20016,19244,35676,18315,17361,2456,1153,1303,1044,511,533,2,1,1,1,0,1,14,5,9,2,0,2
C4415,33,20,0000,District - Thiruvarur  20,Total,65-69,24825,12344,12481,22570,11281,11289,1563,719,844,647,321,326,0,0,0,0,0,0,10,5,5,5,3,2
C4415,33,20,0000,District - Thiruvarur  20,Total,70-74,18123,9415,8708,16433,8616,7817,1196,530,666,469,251,218,1,1,0,0,0,0,2,0,2,2,2,0
C4415,33,20,0000,District - Thiruvarur  20,Total,75-79,8289,4505,3784,7473,4083,3390,586,286,300,218,127,91,0,0,0,0,0,0,4,4,0,0,0,0
C4415,33,20,0000,District - Thiruvarur  20,Total,80+,8745,4391,4354,7933,4033,3900,589,237,352,216,117,99,0,0,0,0,0,0,3,2,1,2,2,0
C4415,33,20,0000,District - Thiruvarur  20,Total,Age not stated,2477,1327,1150,2118,1119,999,208,125,83,52,23,29,3,1,2,0,0,0,0,0,0,0,0,0
C4415,33,20,0000,District - Thiruvarur  20,Rural,All ages,932231,463502,468729,860923,429758,431165,44479,20400,24079,25148,12489,12659,15,9,6,6,2,4,60,34,26,42,24,18
C4415,33,20,0000,District - Thiruvarur  20,Rural,0-4,80564,40944,39620,74136,37773,36363,4026,1971,2055,2200,1104,1096,2,1,1,1,0,1,4,2,2,5,2,3
C4415,33,20,0000,District - Thiruvarur  20,Rural,5-9,87086,44129,42957,80120,40620,39500,4386,2161,2225,2382,1245,1137,2,1,1,1,1,0,7,5,2,2,0,2
C4415,33,20,0000,District - Thiruvarur  20,Rural,10-14,91138,45771,45367,83579,41934,41645,4679,2397,2282,2702,1340,1362,1,1,0,1,0,1,3,3,0,3,3,0
C4415,33,20,0000,District - Thiruvarur  20,Rural,15-19,95247,47145,48102,87436,43459,43977,4989,2312,2677,2686,1308,1378,1,1,0,0,0,0,5,4,1,1,1,0
C4415,33,20,0000,District - Thiruvarur  20,Rural,20-24,82478,40826,41652,75598,37515,38083,4602,2166,2436,2156,1093,1063,1,0,1,0,0,0,7,4,3,4,3,1
C4415,33,20,0000,District - Thiruvarur  20,Rural,25-29,79970,37270,42700,73758,34678,39080,3991,1589,2402,2079,941,1138,1,1,0,1,0,1,7,1,6,4,1,3
C4415,33,20,0000,District - Thiruvarur  20,Rural,30-34,67211,32520,34691,62035,30220,31815,3282,1408,1874,1777,831,946,0,0,0,1,1,0,5,3,2,7,4,3
C4415,33,20,0000,District - Thiruvarur  20,Rural,35-39,74951,35092,39859,69704,32803,36901,3052,1271,1781,2056,950,1106,2,2,0,0,0,0,7,2,5,4,3,1
C4415,33,20,0000,District - Thiruvarur  20,Rural,40-44,58036,29783,28253,54207,27951,26256,2270,1000,1270,1476,780,696,0,0,0,0,0,0,4,4,0,0,0,0
C4415,33,20,0000,District - Thiruvarur  20,Rural,45-49,56687,28603,28084,52915,26818,26097,2233,1001,1232,1472,752,720,0,0,0,0,0,0,0,0,0,1,0,1
C4415,33,20,0000,District - Thiruvarur  20,Rural,50-54,42930,22218,20712,39872,20757,19115,1880,848,1032,1115,585,530,1,0,1,0,0,0,4,2,2,1,0,1
C4415,33,20,0000,District - Thiruvarur  20,Rural,55-59,34512,17250,17262,32103,16130,15973,1436,636,800,912,451,461,0,0,0,0,0,0,0,0,0,3,3,0
C4415,33,20,0000,District - Thiruvarur  20,Rural,60-64,31754,16207,15547,29492,15163,14329,1356,598,758,851,420,431,1,1,0,1,0,1,1,0,1,1,0,1
C4415,33,20,0000,District - Thiruvarur  20,Rural,65-69,20071,10067,10004,18660,9395,9265,870,397,473,515,261,254,0,0,0,0,0,0,2,0,2,3,1,2
C4415,33,20,0000,District - Thiruvarur  20,Rural,70-74,14498,7654,6844,13459,7146,6313,651,287,364,371,206,165,0,0,0,0,0,0,0,0,0,1,1,0
C4415,33,20,0000,District - Thiruvarur  20,Rural,75-79,6434,3548,2886,5924,3280,2644,330,161,169,173,102,71,0,0,0,0,0,0,2,2,0,0,0,0
C4415,33,20,0000,District - Thiruvarur  20,Rural,80+,6835,3510,3325,6308,3267,3041,343,139,204,179,100,79,0,0,0,0,0,0,2,2,0,2,2,0
C4415,33,20,0000,District - Thiruvarur  20,Rural,Age not stated,1829,965,864,1617,849,768,103,58,45,46,20,26,3,1,2,0,0,0,0,0,0,0,0,0
C4415,33,20,0000,District - Thiruvarur  20,Urban,All ages,237243,117282,119961,191450,95776,95674,38764,18252,20512,6473,3018,3455,11,7,4,1,0,1,145,74,71,27,19,8
C4415,33,20,0000,District - Thiruvarur  20,Urban,0-4,19001,9570,9431,14753,7402,7351,3722,1888,1834,493,263,230,1,0,1,0,0,0,13,9,4,1,1,0
C4415,33,20,0000,District - Thiruvarur  20,Urban,5-9,20116,10180,9936,15807,8029,7778,3733,1865,1868,537,267,270,1,0,1,0,0,0,7,5,2,2,2,0
C4415,33,20,0000,District - Thiruvarur  20,Urban,10-14,22837,11419,11418,18145,9141,9004,3921,1941,1980,711,312,399,0,0,0,1,0,1,12,6,6,3,3,0
C4415,33,20,0000,District - Thiruvarur  20,Urban,15-19,24454,12028,12426,19592,9839,9753,4024,1835,2189,756,330,426,1,1,0,0,0,0,9,4,5,4,3,1
C4415,33,20,0000,District - Thiruvarur  20,Urban,20-24,23034,11119,11915,18276,8965,9311,4161,1902,2259,560,238,322,0,0,0,0,0,0,9,3,6,5,3,2
C4415,33,20,0000,District - Thiruvarur  20,Urban,25-29,21904,10024,11880,17604,8196,9408,3676,1565,2111,584,249,335,2,1,1,0,0,0,11,6,5,0,0,0
C4415,33,20,0000,District - Thiruvarur  20,Urban,30-34,18623,9097,9526,15135,7478,7657,2938,1369,1569,517,236,281,2,2,0,0,0,0,12,6,6,2,0,2
C4415,33,20,0000,District - Thiruvarur  20,Urban,35-39,19335,9315,10020,15898,7781,8117,2860,1267,1593,533,250,283,0,0,0,0,0,0,14,7,7,2,2,0
C4415,33,20,0000,District - Thiruvarur  20,Urban,40-44,14806,7794,7012,12370,6585,5785,2022,995,1027,384,202,182,1,1,0,0,0,0,11,6,5,1,0,1
C4415,33,20,0000,District - Thiruvarur  20,Urban,45-49,13771,7116,6655,11461,6022,5439,1900,884,1016,382,192,190,0,0,0,0,0,0,10,6,4,1,1,0
C4415,33,20,0000,District - Thiruvarur  20,Urban,50-54,10806,5558,5248,8892,4663,4229,1598,745,853,297,142,155,0,0,0,0,0,0,9,4,5,1,0,1
C4415,33,20,0000,District - Thiruvarur  20,Urban,55-59,8258,4015,4243,6774,3328,3446,1264,586,678,208,96,112,1,1,0,0,0,0,2,0,2,1,1,0
C4415,33,20,0000,District - Thiruvarur  20,Urban,60-64,7506,3809,3697,6184,3152,3032,1100,555,545,193,91,102,1,0,1,0,0,0,13,5,8,1,0,1
C4415,33,20,0000,District - Thiruvarur  20,Urban,65-69,4754,2277,2477,3910,1886,2024,693,322,371,132,60,72,0,0,0,0,0,0,8,5,3,2,2,0
C4415,33,20,0000,District - Thiruvarur  20,Urban,70-74,3625,1761,1864,2974,1470,1504,545,243,302,98,45,53,1,1,0,0,0,0,2,0,2,1,1,0
C4415,33,20,0000,District - Thiruvarur  20,Urban,75-79,1855,957,898,1549,803,746,256,125,131,45,25,20,0,0,0,0,0,0,2,2,0,0,0,0
C4415,33,20,0000,District - Thiruvarur  20,Urban,80+,1910,881,1029,1625,766,859,246,98,148,37,17,20,0,0,0,0,0,0,1,0,1,0,0,0
C4415,33,20,0000,District - Thiruvarur  20,Urban,Age not stated,648,362,286,501,270,231,105,67,38,6,3,3,0,0,0,0,0,0,0,0,0,0,0,0
C4415,33,21,0000,District - Thanjavur  21,Total,All ages,2216138,1096638,1119500,1925677,957238,968439,163286,76576,86710,124945,61653,63292,38,24,14,28,16,12,657,348,309,201,109,92
C4415,33,21,0000,District - Thanjavur  21,Total,0-4,185494,94263,91231,159817,81167,78650,15296,7751,7545,10218,5253,4965,4,2,2,4,3,1,54,33,21,6,4,2
C4415,33,21,0000,District - Thanjavur  21,Total,5-9,196581,100015,96566,169774,86391,83383,15987,8110,7877,10641,5414,5227,2,1,1,5,2,3,50,27,23,18,8,10
C4415,33,21,0000,District - Thanjavur  21,Total,10-14,215267,109404,105863,185236,94283,90953,17410,8729,8681,12354,6243,6111,0,0,0,5,2,3,57,29,28,14,8,6
C4415,33,21,0000,District - Thanjavur  21,Total,15-19,226393,112901,113492,194101,97147,96954,18631,8982,9649,13439,6657,6782,2,2,0,0,0,0,53,32,21,17,11,6
C4415,33,21,0000,District - Thanjavur  21,Total,20-24,203290,99796,103494,174802,86262,88540,16661,7660,9001,11625,5762,5863,7,5,2,1,1,0,73,42,31,21,11,10
C4415,33,21,0000,District - Thanjavur  21,Total,25-29,197331,91229,106102,171429,79869,91560,14929,6231,8698,10794,5054,5740,3,2,1,2,1,1,65,33,32,24,16,8
C4415,33,21,0000,District - Thanjavur  21,Total,30-34,166851,80865,85986,145777,71334,74443,11809,5112,6697,9091,4327,4764,5,3,2,2,2,0,64,35,29,23,11,12
C4415,33,21,0000,District - Thanjavur  21,Total,35-39,176396,83637,92759,154906,73972,80934,11727,5016,6711,9624,4586,5038,2,2,0,2,0,2,43,21,22,12,5,7
C4415,33,21,0000,District - Thanjavur  21,Total,40-44,137089,70061,67028,120783,62229,58554,8683,4009,4674,7503,3763,3740,2,0,2,2,2,0,47,25,22,11,6,5
C4415,33,21,0000,District - Thanjavur  21,Total,45-49,131237,65530,65707,115749,58149,57600,8036,3733,4303,7334,3584,3750,3,1,2,3,1,2,33,17,16,10,6,4
C4415,33,21,0000,District - Thanjavur  21,Total,50-54,101505,51462,50043,88893,45379,43514,6572,3096,3476,5941,2947,2994,0,0,0,1,1,0,28,12,16,13,7,6
C4415,33,21,0000,District - Thanjavur  21,Total,55-59,80831,39574,41257,70851,34838,36013,5152,2381,2771,4750,2315,2435,2,2,0,0,0,0,28,11,17,6,3,3
C4415,33,21,0000,District - Thanjavur  21,Total,60-64,74176,36519,37657,65175,32251,32924,4707,2211,2496,4213,2009,2204,4,4,0,0,0,0,25,17,8,12,7,5
C4415,33,21,0000,District - Thanjavur  21,Total,65-69,49676,23962,25714,43594,21087,22507,3046,1434,1612,2992,1421,1571,0,0,0,1,1,0,17,7,10,5,2,3
C4415,33,21,0000,District - Thanjavur  21,Total,70-74,36022,18073,17949,31548,15869,15679,2318,1038,1280,2119,1151,968,1,0,1,0,0,0,6,2,4,6,3,3
C4415,33,21,0000,District - Thanjavur  21,Total,75-79,16875,8918,7957,14791,7848,6943,979,483,496,1079,575,504,0,0,0,0,0,0,8,2,6,2,1,1
C4415,33,21,0000,District - Thanjavur  21,Total,80+,17414,8400,9014,15292,7424,7868,1126,488,638,978,478,500,1,0,1,0,0,0,6,3,3,1,0,1
C4415,33,21,0000,District - Thanjavur  21,Total,Age not stated,3710,2029,1681,3159,1739,1420,217,112,105,250,114,136,0,0,0,0,0,0,0,0,0,0,0,0
C4415,33,21,0000,District - Thanjavur  21,Rural,All ages,1467577,726493,741084,1315066,652928,662138,74577,34733,39844,76776,38214,38562,18,12,6,13,9,4,43,17,26,104,63,41
C4415,33,21,0000,District - Thanjavur  21,Rural,0-4,127463,64780,62683,113789,57784,56005,7137,3605,3532,6455,3346,3109,3,2,1,1,1,0,3,0,3,5,3,2
C4415,33,21,0000,District - Thanjavur  21,Rural,5-9,133946,68112,65834,119628,60880,58748,7439,3744,3695,6784,3435,3349,2,1,1,1,1,0,3,1,2,12,6,6
C4415,33,21,0000,District - Thanjavur  21,Rural,10-14,143944,72976,70968,127995,64953,63042,7954,3938,4016,7822,3985,3837,0,0,0,4,2,2,2,0,2,9,4,5
C4415,33,21,0000,District - Thanjavur  21,Rural,15-19,149883,75340,74543,132825,66856,65969,8562,4156,4406,8374,4262,4112,1,1,0,0,0,0,2,1,1,8,7,1
C4415,33,21,0000,District - Thanjavur  21,Rural,20-24,131713,65143,66570,117061,58119,58942,7568,3464,4104,7006,3517,3489,1,0,1,0,0,0,3,1,2,7,6,1
C4415,33,21,0000,District - Thanjavur  21,Rural,25-29,128877,59865,69012,115663,54032,61631,6692,2772,3920,6438,3032,3406,2,2,0,1,1,0,5,1,4,14,9,5
C4415,33,21,0000,District - Thanjavur  21,Rural,30-34,106924,51996,54928,96341,47191,49150,5221,2245,2976,5280,2514,2766,2,1,1,1,1,0,6,6,0,13,7,6
C4415,33,21,0000,District - Thanjavur  21,Rural,35-39,115488,54253,61235,104266,49280,54986,5334,2205,3129,5817,2738,3079,0,0,0,1,0,1,3,0,3,5,3,2
C4415,33,21,0000,District - Thanjavur  21,Rural,40-44,89196,45078,44118,80636,40994,39642,3962,1757,2205,4546,2299,2247,0,0,0,1,1,0,4,3,1,4,3,1
C4415,33,21,0000,District - Thanjavur  21,Rural,45-49,88014,43348,44666,79700,39410,40290,3676,1684,1992,4579,2223,2356,2,1,1,2,1,1,1,0,1,1,1,0
C4415,33,21,0000,District - Thanjavur  21,Rural,50-54,67081,33705,33376,60390,30445,29945,3067,1443,1624,3569,1794,1775,0,0,0,0,0,0,5,2,3,10,5,5
C4415,33,21,0000,District - Thanjavur  21,Rural,55-59,54719,26929,27790,49374,24336,25038,2362,1118,1244,2946,1455,1491,1,1,0,0,0,0,3,1,2,4,2,2
C4415,33,21,0000,District - Thanjavur  21,Rural,60-64,49934,24543,25391,45037,22254,22783,2196,1007,1189,2663,1262,1401,3,3,0,0,0,0,1,0,1,7,4,3
C4415,33,21,0000,District - Thanjavur  21,Rural,65-69,33144,16041,17103,29802,14431,15371,1401,658,743,1923,946,977,0,0,0,1,1,0,1,0,1,2,1,1
C4415,33,21,0000,District - Thanjavur  21,Rural,70-74,23611,11984,11627,21271,10786,10485,1044,482,562,1276,707,569,0,0,0,0,0,0,0,0,0,2,1,1
C4415,33,21,0000,District - Thanjavur  21,Rural,75-79,10379,5630,4749,9381,5097,4284,388,192,196,596,333,263,0,0,0,0,0,0,0,0,0,1,1,0
C4415,33,21,0000,District - Thanjavur  21,Rural,80+,10705,5346,5359,9679,4837,4842,468,208,260,548,294,254,1,0,1,0,0,0,1,1,0,0,0,0
C4415,33,21,0000,District - Thanjavur  21,Rural,Age not stated,2556,1424,1132,2228,1243,985,106,55,51,154,72,82,0,0,0,0,0,0,0,0,0,0,0,0
C4415,33,21,0000,District - Thanjavur  21,Urban,All ages,748561,370145,378416,610611,304310,306301,88709,41843,46866,48169,23439,24730,20,12,8,15,7,8,614,331,283,97,46,51
C4415,33,21,0000,District - Thanjavur  21,Urban,0-4,58031,29483,28548,46028,23383,22645,8159,4146,4013,3763,1907,1856,1,0,1,3,2,1,51,33,18,1,1,0
C4415,33,21,0000,District - Thanjavur  21,Urban,5-9,62635,31903,30732,50146,25511,24635,8548,4366,4182,3857,1979,1878,0,0,0,4,1,3,47,26,21,6,2,4
C4415,33,21,0000,District - Thanjavur  21,Urban,10-14,71323,36428,34895,57241,29330,27911,9456,4791,4665,4532,2258,2274,0,0,0,1,0,1,55,29,26,5,4,1
C4415,33,21,0000,District - Thanjavur  21,Urban,15-19,76510,37561,38949,61276,30291,30985,10069,4826,5243,5065,2395,2670,1,1,0,0,0,0,51,31,20,9,4,5
C4415,33,21,0000,District - Thanjavur  21,Urban,20-24,71577,34653,36924,57741,28143,29598,9093,4196,4897,4619,2245,2374,6,5,1,1,1,0,70,41,29,14,5,9
C4415,33,21,0000,District - Thanjavur  21,Urban,25-29,68454,31364,37090,55766,25837,29929,8237,3459,4778,4356,2022,2334,1,0,1,1,0,1,60,32,28,10,7,3
C4415,33,21,0000,District - Thanjavur  21,Urban,30-34,59927,28869,31058,49436,24143,25293,6588,2867,3721,3811,1813,1998,3,2,1,1,1,0,58,29,29,10,4,6
C4415,33,21,0000,District - Thanjavur  21,Urban,35-39,60908,29384,31524,50640,24692,25948,6393,2811,3582,3807,1848,1959,2,2,0,1,0,1,40,21,19,7,2,5
C4415,33,21,0000,District - Thanjavur  21,Urban,40-44,47893,24983,22910,40147,21235,18912,4721,2252,2469,2957,1464,1493,2,0,2,1,1,0,43,22,21,7,3,4
C4415,33,21,0000,District - Thanjavur  21,Urban,45-49,43223,22182,21041,36049,18739,17310,4360,2049,2311,2755,1361,1394,1,0,1,1,0,1,32,17,15,9,5,4
C4415,33,21,0000,District - Thanjavur  21,Urban,50-54,34424,17757,16667,28503,14934,13569,3505,1653,1852,2372,1153,1219,0,0,0,1,1,0,23,10,13,3,2,1
C4415,33,21,0000,District - Thanjavur  21,Urban,55-59,26112,12645,13467,21477,10502,10975,2790,1263,1527,1804,860,944,1,1,0,0,0,0,25,10,15,2,1,1
C4415,33,21,0000,District - Thanjavur  21,Urban,60-64,24242,11976,12266,20138,9997,10141,2511,1204,1307,1550,747,803,1,1,0,0,0,0,24,17,7,5,3,2
C4415,33,21,0000,District - Thanjavur  21,Urban,65-69,16532,7921,8611,13792,6656,7136,1645,776,869,1069,475,594,0,0,0,0,0,0,16,7,9,3,1,2
C4415,33,21,0000,District - Thanjavur  21,Urban,70-74,12411,6089,6322,10277,5083,5194,1274,556,718,843,444,399,1,0,1,0,0,0,6,2,4,4,2,2
C4415,33,21,0000,District - Thanjavur  21,Urban,75-79,6496,3288,3208,5410,2751,2659,591,291,300,483,242,241,0,0,0,0,0,0,8,2,6,1,0,1
C4415,33,21,0000,District - Thanjavur  21,Urban,80+,6709,3054,3655,5613,2587,3026,658,280,378,430,184,246,0,0,0,0,0,0,5,2,3,1,0,1
C4415,33,21,0000,District - Thanjavur  21,Urban,Age not stated,1154,605,549,931,496,435,111,57,54,96,42,54,0,0,0,0,0,0,0,0,0,0,0,0
C4415,33,22,0000,District - Pudukkottai  22,Total,All ages,1459601,724300,735301,1294101,642815,651286,97723,47619,50104,66432,33164,33268,42,25,17,19,10,9,30,17,13,139,68,71
C4415,33,22,0000,District - Pudukkottai  22,Total,0-4,133540,68132,65408,117924,60176,57748,9860,5032,4828,5618,2847,2771,7,4,3,3,2,1,3,1,2,12,4,8
C4415,33,22,0000,District - Pudukkottai  22,Total,5-9,136557,69724,66833,120419,61548,58871,10244,5159,5085,5791,2966,2825,3,2,1,4,1,3,2,2,0,11,5,6
C4415,33,22,0000,District - Pudukkottai  22,Total,10-14,144505,73303,71202,127525,64718,62807,10764,5421,5343,6108,3103,3005,3,3,0,1,0,1,4,2,2,11,5,6
C4415,33,22,0000,District - Pudukkottai  22,Total,15-19,153046,74978,78068,134812,66149,68663,11271,5368,5903,6859,3412,3447,2,2,0,0,0,0,2,1,1,8,4,4
C4415,33,22,0000,District - Pudukkottai  22,Total,20-24,138311,67844,70467,121656,59727,61929,10059,4824,5235,6496,3243,3253,5,2,3,3,2,1,1,1,0,11,4,7
C4415,33,22,0000,District - Pudukkottai  22,Total,25-29,129587,60777,68810,114690,53887,60803,8968,4102,4866,5830,2748,3082,5,4,1,2,1,1,2,1,1,12,4,8
C4415,33,22,0000,District - Pudukkottai  22,Total,30-34,105448,52818,52630,93455,46905,46550,6946,3380,3566,4962,2489,2473,4,1,3,0,0,0,2,2,0,10,6,4
C4415,33,22,0000,District - Pudukkottai  22,Total,35-39,107429,51392,56037,95879,45707,50172,6552,3183,3369,4916,2456,2460,3,2,1,3,3,0,2,2,0,11,6,5
C4415,33,22,0000,District - Pudukkottai  22,Total,40-44,82960,41839,41121,74237,37594,36643,4740,2311,2429,3932,1910,2022,3,2,1,0,0,0,1,0,1,4,3,1
C4415,33,22,0000,District - Pudukkottai  22,Total,45-49,83372,40643,42729,74950,36663,38287,4503,2084,2419,3859,1866,1993,1,0,1,0,0,0,2,2,0,7,3,4
C4415,33,22,0000,District - Pudukkottai  22,Total,50-54,66142,33767,32375,59124,30237,28887,3759,1842,1917,3195,1653,1542,1,0,1,0,0,0,4,2,2,14,7,7
C4415,33,22,0000,District - Pudukkottai  22,Total,55-59,52712,26089,26623,47072,23265,23807,2944,1473,1471,2648,1326,1322,0,0,0,0,0,0,1,0,1,8,6,2
C4415,33,22,0000,District - Pudukkottai  22,Total,60-64,48050,23858,24192,43138,21416,21722,2599,1253,1346,2264,1162,1102,2,1,1,1,0,1,2,1,1,3,3,0
C4415,33,22,0000,District - Pudukkottai  22,Total,65-69,31229,15324,15905,27911,13685,14226,1706,848,858,1581,778,803,1,0,1,0,0,0,0,0,0,4,3,1
C4415,33,22,0000,District - Pudukkottai  22,Total,70-74,21902,11045,10857,19517,9872,9645,1221,578,643,1130,577,553,1,1,0,1,0,1,0,0,0,7,1,6
C4415,33,22,0000,District - Pudukkottai  22,Total,75-79,9937,5145,4792,8792,4565,4227,575,279,296,552,293,259,0,0,0,0,0,0,1,0,1,5,3,2
C4415,33,22,0000,District - Pudukkottai  22,Total,80+,11146,5536,5610,9864,4949,4915,689,301,388,582,282,300,0,0,0,0,0,0,0,0,0,0,0,0
C4415,33,22,0000,District - Pudukkottai  22,Total,Age not stated,3728,2086,1642,3136,1752,1384,323,181,142,109,53,56,1,1,0,1,1,0,1,0,1,1,1,0
C4415,33,22,0000,District - Pudukkottai  22,Rural,All ages,1211217,600511,610706,1094252,543167,551085,61636,29649,31987,54275,27139,27136,19,10,9,12,7,5,12,6,6,106,56,50
C4415,33,22,0000,District - Pudukkottai  22,Rural,0-4,112929,57509,55420,101726,51801,49925,6453,3259,3194,4642,2386,2256,4,1,3,1,1,0,1,0,1,8,4,4
C4415,33,22,0000,District - Pudukkottai  22,Rural,5-9,114195,58188,56007,102759,52433,50326,6587,3295,3292,4768,2419,2349,2,2,0,3,1,2,1,1,0,7,4,3
C4415,33,22,0000,District - Pudukkottai  22,Rural,10-14,120492,61381,59111,108441,55275,53166,6930,3479,3451,5037,2578,2459,1,1,0,0,0,0,0,0,0,6,2,4
C4415,33,22,0000,District - Pudukkottai  22,Rural,15-19,127521,62423,65098,114481,56110,58371,7256,3459,3797,5696,2812,2884,0,0,0,0,0,0,0,0,0,8,4,4
C4415,33,22,0000,District - Pudukkottai  22,Rural,20-24,113613,56030,57583,101990,50295,51695,6241,3008,3233,5308,2687,2621,2,1,1,2,2,0,0,0,0,9,3,6
C4415,33,22,0000,District - Pudukkottai  22,Rural,25-29,106253,50039,56214,96119,45358,50761,5375,2402,2973,4684,2252,2432,2,1,1,1,0,1,2,1,1,10,4,6
C4415,33,22,0000,District - Pudukkottai  22,Rural,30-34,85064,42724,42340,76979,38707,38272,4144,2010,2134,3876,1974,1902,2,1,1,0,0,0,0,0,0,6,5,1
C4415,33,22,0000,District - Pudukkottai  22,Rural,35-39,87657,41511,46146,79690,37695,41995,3932,1827,2105,3968,1952,2016,2,1,1,2,2,0,1,1,0,7,4,3
C4415,33,22,0000,District - Pudukkottai  22,Rural,40-44,67936,33876,34060,61783,30970,30813,2964,1374,1590,3148,1514,1634,0,0,0,0,0,0,1,0,1,3,2,1
C4415,33,22,0000,District - Pudukkottai  22,Rural,45-49,69735,33536,36199,63708,30780,32928,2807,1220,1587,3172,1510,1662,1,0,1,0,0,0,2,2,0,6,3,3
C4415,33,22,0000,District - Pudukkottai  22,Rural,50-54,55299,28035,27264,50259,25512,24747,2401,1171,1230,2589,1326,1263,0,0,0,0,0,0,2,1,1,11,5,6
C4415,33,22,0000,District - Pudukkottai  22,Rural,55-59,44648,22067,22581,40501,20032,20469,1894,912,982,2210,1101,1109,0,0,0,0,0,0,1,0,1,8,6,2
C4415,33,22,0000,District - Pudukkottai  22,Rural,60-64,40758,20259,20499,37105,18437,18668,1710,821,889,1904,979,925,1,0,1,1,0,1,0,0,0,3,3,0
C4415,33,22,0000,District - Pudukkottai  22,Rural,65-69,26260,12968,13292,23795,11739,12056,1108,553,555,1328,663,665,0,0,0,0,0,0,0,0,0,4,3,1
C4415,33,22,0000,District - Pudukkottai  22,Rural,70-74,18419,9344,9075,16658,8480,8178,805,377,428,926,472,454,1,1,0,1,0,1,0,0,0,6,1,5
C4415,33,22,0000,District - Pudukkottai  22,Rural,75-79,8121,4206,3915,7299,3806,3493,359,158,201,453,237,216,0,0,0,0,0,0,0,0,0,3,2,1
C4415,33,22,0000,District - Pudukkottai  22,Rural,80+,9022,4549,4473,8118,4131,3987,419,182,237,476,232,244,0,0,0,0,0,0,0,0,0,0,0,0
C4415,33,22,0000,District - Pudukkottai  22,Rural,Age not stated,3295,1866,1429,2841,1606,1235,251,142,109,90,45,45,1,1,0,1,1,0,1,0,1,1,1,0
C4415,33,22,0000,District - Pudukkottai  22,Urban,All ages,248384,123789,124595,199849,99648,100201,36087,17970,18117,12157,6025,6132,23,15,8,7,3,4,18,11,7,33,12,21
C4415,33,22,0000,District - Pudukkottai  22,Urban,0-4,20611,10623,9988,16198,8375,7823,3407,1773,1634,976,461,515,3,3,0,2,1,1,2,1,1,4,0,4
C4415,33,22,0000,District - Pudukkottai  22,Urban,5-9,22362,11536,10826,17660,9115,8545,3657,1864,1793,1023,547,476,1,0,1,1,0,1,1,1,0,4,1,3
C4415,33,22,0000,District - Pudukkottai  22,Urban,10-14,24013,11922,12091,19084,9443,9641,3834,1942,1892,1071,525,546,2,2,0,1,0,1,4,2,2,5,3,2
C4415,33,22,0000,District - Pudukkottai  22,Urban,15-19,25525,12555,12970,20331,10039,10292,4015,1909,2106,1163,600,563,2,2,0,0,0,0,2,1,1,0,0,0
C4415,33,22,0000,District - Pudukkottai  22,Urban,20-24,24698,11814,12884,19666,9432,10234,3818,1816,2002,1188,556,632,3,1,2,1,0,1,1,1,0,2,1,1
C4415,33,22,0000,District - Pudukkottai  22,Urban,25-29,23334,10738,12596,18571,8529,10042,3593,1700,1893,1146,496,650,3,3,0,1,1,0,0,0,0,2,0,2
C4415,33,22,0000,District - Pudukkottai  22,Urban,30-34,20384,10094,10290,16476,8198,8278,2802,1370,1432,1086,515,571,2,0,2,0,0,0,2,2,0,4,1,3
C4415,33,22,0000,District - Pudukkottai  22,Urban,35-39,19772,9881,9891,16189,8012,8177,2620,1356,1264,948,504,444,1,1,0,1,1,0,1,1,0,4,2,2
C4415,33,22,0000,District - Pudukkottai  22,Urban,40-44,15024,7963,7061,12454,6624,5830,1776,937,839,784,396,388,3,2,1,0,0,0,0,0,0,1,1,0
C4415,33,22,0000,District - Pudukkottai  22,Urban,45-49,13637,7107,6530,11242,5883,5359,1696,864,832,687,356,331,0,0,0,0,0,0,0,0,0,1,0,1
C4415,33,22,0000,District - Pudukkottai  22,Urban,50-54,10843,5732,5111,8865,4725,4140,1358,671,687,606,327,279,1,0,1,0,0,0,2,1,1,3,2,1
C4415,33,22,0000,District - Pudukkottai  22,Urban,55-59,8064,4022,4042,6571,3233,3338,1050,561,489,438,225,213,0,0,0,0,0,0,0,0,0,0,0,0
C4415,33,22,0000,District - Pudukkottai  22,Urban,60-64,7292,3599,3693,6033,2979,3054,889,432,457,360,183,177,1,1,0,0,0,0,2,1,1,0,0,0
C4415,33,22,0000,District - Pudukkottai  22,Urban,65-69,4969,2356,2613,4116,1946,2170,598,295,303,253,115,138,1,0,1,0,0,0,0,0,0,0,0,0
C4415,33,22,0000,District - Pudukkottai  22,Urban,70-74,3483,1701,1782,2859,1392,1467,416,201,215,204,105,99,0,0,0,0,0,0,0,0,0,1,0,1
C4415,33,22,0000,District - Pudukkottai  22,Urban,75-79,1816,939,877,1493,759,734,216,121,95,99,56,43,0,0,0,0,0,0,1,0,1,2,1,1
C4415,33,22,0000,District - Pudukkottai  22,Urban,80+,2124,987,1137,1746,818,928,270,119,151,106,50,56,0,0,0,0,0,0,0,0,0,0,0,0
C4415,33,22,0000,District - Pudukkottai  22,Urban,Age not stated,433,220,213,295,146,149,72,39,33,19,8,11,0,0,0,0,0,0,0,0,0,0,0,0
C4415,33,23,0000,District - Sivaganga  23,Total,All ages,1155356,566947,588409,1026580,504915,521665,59642,29066,30576,67739,32341,35398,75,42,33,28,17,11,110,62,48,57,30,27
C4415,33,23,0000,District - Sivaganga  23,Total,0-4,93911,47941,45970,83905,42882,41023,5150,2608,2542,4762,2404,2358,9,6,3,1,1,0,6,2,4,5,3,2
C4415,33,23,0000,District - Sivaganga  23,Total,5-9,103282,52784,50498,91868,47016,44852,5637,2854,2783,5653,2844,2809,15,6,9,1,1,0,11,8,3,5,3,2
C4415,33,23,0000,District - Sivaganga  23,Total,10-14,113574,57834,55740,100381,51233,49148,6190,3152,3038,6769,3389,3380,6,2,4,1,1,0,10,7,3,3,0,3
C4415,33,23,0000,District - Sivaganga  23,Total,15-19,118659,57760,60899,104991,51387,53604,6630,3222,3408,6870,3081,3789,3,1,2,6,3,3,14,9,5,3,1,2
C4415,33,23,0000,District - Sivaganga  23,Total,20-24,102838,49322,53516,91176,43739,47437,6014,2906,3108,5544,2623,2921,7,6,1,5,4,1,10,7,3,6,3,3
C4415,33,23,0000,District - Sivaganga  23,Total,25-29,98106,44620,53486,87200,39787,47413,5598,2537,3061,5231,2262,2969,3,1,2,2,1,1,4,1,3,5,2,3
C4415,33,23,0000,District - Sivaganga  23,Total,30-34,80914,39135,41779,71827,34903,36924,4374,2089,2285,4631,2107,2524,8,4,4,2,1,1,8,3,5,6,3,3
C4415,33,23,0000,District - Sivaganga  23,Total,35-39,84149,39561,44588,75049,35340,39709,4247,2066,2181,4748,2108,2640,7,5,2,1,1,0,9,3,6,4,2,2
C4415,33,23,0000,District - Sivaganga  23,Total,40-44,67688,33307,34381,60433,29728,30705,3128,1601,1527,4055,1938,2117,5,4,1,0,0,0,9,4,5,3,2,1
C4415,33,23,0000,District - Sivaganga  23,Total,45-49,67969,33077,34892,60653,29625,31028,2912,1374,1538,4338,2042,2296,1,1,0,2,1,1,3,3,0,3,3,0
C4415,33,23,0000,District - Sivaganga  23,Total,50-54,55498,27590,27908,49437,24576,24861,2475,1228,1247,3526,1753,1773,2,1,1,2,0,2,7,5,2,5,3,2
C4415,33,23,0000,District - Sivaganga  23,Total,55-59,45447,22020,23427,40480,19745,20735,1971,892,1079,2962,1373,1589,2,0,2,0,0,0,3,2,1,3,2,1
C4415,33,23,0000,District - Sivaganga  23,Total,60-64,43071,21555,21516,38150,19135,19015,1872,878,994,3009,1523,1486,3,2,1,0,0,0,6,3,3,1,0,1
C4415,33,23,0000,District - Sivaganga  23,Total,65-69,29260,14332,14928,25824,12615,13209,1269,632,637,2135,1071,1064,1,1,0,0,0,0,5,2,3,1,0,1
C4415,33,23,0000,District - Sivaganga  23,Total,70-74,21267,10794,10473,18779,9555,9224,928,433,495,1544,798,746,0,0,0,1,0,1,3,3,0,2,1,1
C4415,33,23,0000,District - Sivaganga  23,Total,75-79,10013,5363,4650,8757,4686,4071,407,211,196,839,461,378,0,0,0,0,0,0,0,0,0,0,0,0
C4415,33,23,0000,District - Sivaganga  23,Total,80+,11363,5716,5647,9984,5056,4928,531,232,299,832,416,416,2,1,1,2,2,0,1,0,1,1,1,0
C4415,33,23,0000,District - Sivaganga  23,Total,Age not stated,8347,4236,4111,7686,3907,3779,309,151,158,291,148,143,1,1,0,2,1,1,1,0,1,1,1,0
C4415,33,23,0000,District - Sivaganga  23,Rural,All ages,829272,405093,424179,755575,370054,385521,18114,8714,9400,54704,25896,28808,44,28,16,19,11,8,48,23,25,30,14,16
C4415,33,23,0000,District - Sivaganga  23,Rural,0-4,67790,34518,33272,62319,31735,30584,1552,784,768,3850,1964,1886,6,4,2,1,1,0,6,2,4,0,0,0
C4415,33,23,0000,District - Sivaganga  23,Rural,5-9,74734,38122,36612,68362,34898,33464,1710,871,839,4565,2298,2267,7,3,4,1,1,0,8,7,1,4,2,2
C4415,33,23,0000,District - Sivaganga  23,Rural,10-14,81652,41479,40173,74435,37957,36478,1801,914,887,5340,2580,2760,3,1,2,1,1,0,4,2,2,3,0,3
C4415,33,23,0000,District - Sivaganga  23,Rural,15-19,85546,41297,44249,77886,37890,39996,2094,995,1099,5486,2368,3118,2,1,1,4,1,3,7,4,3,3,1,2
C4415,33,23,0000,District - Sivaganga  23,Rural,20-24,72151,34722,37429,65838,31702,34136,1815,907,908,4415,2071,2344,7,6,1,4,4,0,4,2,2,4,2,2
C4415,33,23,0000,District - Sivaganga  23,Rural,25-29,68208,31116,37092,62390,28567,33823,1594,711,883,4163,1813,2350,1,0,1,1,0,1,2,0,2,2,1,1
C4415,33,23,0000,District - Sivaganga  23,Rural,30-34,54610,26308,28302,49868,24121,25747,1165,534,631,3524,1627,1897,4,3,1,0,0,0,4,2,2,1,0,1
C4415,33,23,0000,District - Sivaganga  23,Rural,35-39,58653,26916,31737,53687,24724,28963,1224,573,651,3680,1591,2089,3,2,1,1,1,0,1,0,1,2,0,2
C4415,33,23,0000,District - Sivaganga  23,Rural,40-44,47780,22950,24830,43604,20974,22630,900,429,471,3224,1518,1706,4,3,1,0,0,0,3,1,2,3,2,1
C4415,33,23,0000,District - Sivaganga  23,Rural,45-49,49790,23749,26041,45255,21682,23573,925,403,522,3559,1640,1919,0,0,0,2,1,1,1,1,0,2,2,0
C4415,33,23,0000,District - Sivaganga  23,Rural,50-54,40719,19933,20786,37017,18117,18900,769,369,400,2890,1425,1465,0,0,0,2,0,2,2,0,2,2,2,0
C4415,33,23,0000,District - Sivaganga  23,Rural,55-59,34354,16629,17725,31132,15151,15981,684,322,362,2512,1148,1364,1,0,1,0,0,0,2,1,1,1,1,0
C4415,33,23,0000,District - Sivaganga  23,Rural,60-64,32686,16392,16294,29456,14769,14687,630,301,329,2570,1309,1261,3,2,1,0,0,0,2,0,2,1,0,1
C4415,33,23,0000,District - Sivaganga  23,Rural,65-69,22387,11041,11346,20069,9887,10182,417,204,213,1878,939,939,1,1,0,0,0,0,0,0,0,0,0,0
C4415,33,23,0000,District - Sivaganga  23,Rural,70-74,16045,8303,7742,14370,7445,6925,318,147,171,1346,706,640,0,0,0,1,0,1,1,1,0,1,0,1
C4415,33,23,0000,District - Sivaganga  23,Rural,75-79,7364,4010,3354,6492,3526,2966,134,72,62,733,409,324,0,0,0,0,0,0,0,0,0,0,0,0
C4415,33,23,0000,District - Sivaganga  23,Rural,80+,8276,4300,3976,7344,3834,3510,193,91,102,728,366,362,1,1,0,1,1,0,0,0,0,0,0,0
C4415,33,23,0000,District - Sivaganga  23,Rural,Age not stated,6527,3308,3219,6051,3075,2976,189,87,102,241,124,117,1,1,0,0,0,0,1,0,1,1,1,0
C4415,33,23,0000,District - Sivaganga  23,Urban,All ages,326084,161854,164230,271005,134861,136144,41528,20352,21176,13035,6445,6590,31,14,17,9,6,3,62,39,23,27,16,11
C4415,33,23,0000,District - Sivaganga  23,Urban,0-4,26121,13423,12698,21586,11147,10439,3598,1824,1774,912,440,472,3,2,1,0,0,0,0,0,0,5,3,2
C4415,33,23,0000,District - Sivaganga  23,Urban,5-9,28548,14662,13886,23506,12118,11388,3927,1983,1944,1088,546,542,8,3,5,0,0,0,3,1,2,1,1,0
C4415,33,23,0000,District - Sivaganga  23,Urban,10-14,31922,16355,15567,25946,13276,12670,4389,2238,2151,1429,809,620,3,1,2,0,0,0,6,5,1,0,0,0
C4415,33,23,0000,District - Sivaganga  23,Urban,15-19,33113,16463,16650,27105,13497,13608,4536,2227,2309,1384,713,671,1,0,1,2,2,0,7,5,2,0,0,0
C4415,33,23,0000,District - Sivaganga  23,Urban,20-24,30687,14600,16087,25338,12037,13301,4199,1999,2200,1129,552,577,0,0,0,1,0,1,6,5,1,2,1,1
C4415,33,23,0000,District - Sivaganga  23,Urban,25-29,29898,13504,16394,24810,11220,13590,4004,1826,2178,1068,449,619,2,1,1,1,1,0,2,1,1,3,1,2
C4415,33,23,0000,District - Sivaganga  23,Urban,30-34,26304,12827,13477,21959,10782,11177,3209,1555,1654,1107,480,627,4,1,3,2,1,1,4,1,3,5,3,2
C4415,33,23,0000,District - Sivaganga  23,Urban,35-39,25496,12645,12851,21362,10616,10746,3023,1493,1530,1068,517,551,4,3,1,0,0,0,8,3,5,2,2,0
C4415,33,23,0000,District - Sivaganga  23,Urban,40-44,19908,10357,9551,16829,8754,8075,2228,1172,1056,831,420,411,1,1,0,0,0,0,6,3,3,0,0,0
C4415,33,23,0000,District - Sivaganga  23,Urban,45-49,18179,9328,8851,15398,7943,7455,1987,971,1016,779,402,377,1,1,0,0,0,0,2,2,0,1,1,0
C4415,33,23,0000,District - Sivaganga  23,Urban,50-54,14779,7657,7122,12420,6459,5961,1706,859,847,636,328,308,2,1,1,0,0,0,5,5,0,3,1,2
C4415,33,23,0000,District - Sivaganga  23,Urban,55-59,11093,5391,5702,9348,4594,4754,1287,570,717,450,225,225,1,0,1,0,0,0,1,1,0,2,1,1
C4415,33,23,0000,District - Sivaganga  23,Urban,60-64,10385,5163,5222,8694,4366,4328,1242,577,665,439,214,225,0,0,0,0,0,0,4,3,1,0,0,0
C4415,33,23,0000,District - Sivaganga  23,Urban,65-69,6873,3291,3582,5755,2728,3027,852,428,424,257,132,125,0,0,0,0,0,0,5,2,3,1,0,1
C4415,33,23,0000,District - Sivaganga  23,Urban,70-74,5222,2491,2731,4409,2110,2299,610,286,324,198,92,106,0,0,0,0,0,0,2,2,0,1,1,0
C4415,33,23,0000,District - Sivaganga  23,Urban,75-79,2649,1353,1296,2265,1160,1105,273,139,134,106,52,54,0,0,0,0,0,0,0,0,0,0,0,0
C4415,33,23,0000,District - Sivaganga  23,Urban,80+,3087,1416,1671,2640,1222,1418,338,141,197,104,50,54,1,0,1,1,1,0,1,0,1,1,1,0
C4415,33,23,0000,District - Sivaganga  23,Urban,Age not stated,1820,928,892,1635,832,803,120,64,56,50,24,26,0,0,0,2,1,1,0,0,0,0,0,0
C4415,33,24,0000,District - Madurai  24,Total,All ages,2578201,1303363,1274838,2351019,1189253,1161766,137443,69664,67779,86352,42659,43693,302,166,136,82,41,41,836,454,382,121,62,59
C4415,33,24,0000,District - Madurai  24,Total,0-4,208330,108156,100174,190751,99116,91635,11450,5946,5504,5842,2949,2893,28,16,12,12,3,9,61,36,25,7,6,1
C4415,33,24,0000,District - Madurai  24,Total,5-9,225662,116474,109188,206966,106765,100201,12411,6453,5958,5979,3091,2888,18,9,9,4,4,0,116,69,47,6,2,4
C4415,33,24,0000,District - Madurai  24,Total,10-14,243676,125736,117940,222153,114574,107579,13917,7330,6587,7227,3635,3592,30,20,10,7,3,4,106,54,52,6,6,0
C4415,33,24,0000,District - Madurai  24,Total,15-19,260844,133213,127631,236289,121037,115252,15583,7649,7934,8646,4358,4288,30,14,16,6,2,4,96,53,43,14,8,6
C4415,33,24,0000,District - Madurai  24,Total,20-24,241654,118656,122998,218087,107374,110713,14361,6939,7422,8942,4205,4737,31,14,17,13,6,7,71,41,30,14,5,9
C4415,33,24,0000,District - Madurai  24,Total,25-29,240167,115556,124611,218472,105204,113268,13373,6410,6963,8021,3783,4238,26,14,12,7,4,3,93,48,45,16,8,8
C4415,33,24,0000,District - Madurai  24,Total,30-34,195017,98550,96467,177457,89663,87794,10389,5327,5062,6948,3451,3497,26,18,8,4,2,2,62,25,37,10,6,4
C4415,33,24,0000,District - Madurai  24,Total,35-39,198982,97993,100989,181928,89647,92281,10192,5074,5118,6659,3173,3486,19,11,8,5,1,4,69,36,33,10,6,4
C4415,33,24,0000,District - Madurai  24,Total,40-44,156136,81625,74511,142753,74615,68138,7596,4085,3511,5616,2831,2785,18,8,10,3,2,1,47,27,20,4,0,4
C4415,33,24,0000,District - Madurai  24,Total,45-49,144568,74289,70279,132388,68008,64380,6841,3609,3232,5182,2587,2595,21,12,9,6,4,2,33,18,15,9,4,5
C4415,33,24,0000,District - Madurai  24,Total,50-54,117985,61206,56779,107967,55968,51999,5337,2850,2487,4566,2332,2234,13,7,6,5,2,3,15,10,5,6,3,3
C4415,33,24,0000,District - Madurai  24,Total,55-59,87703,43424,44279,80294,39720,40574,4156,2089,2067,3163,1573,1590,12,5,7,2,1,1,20,9,11,7,4,3
C4415,33,24,0000,District - Madurai  24,Total,60-64,84571,41805,42766,77825,38470,39355,3656,1804,1852,3014,1491,1523,8,5,3,2,2,0,11,6,5,6,1,5
C4415,33,24,0000,District - Madurai  24,Total,65-69,53241,25679,27562,48642,23456,25186,2458,1203,1255,2075,985,1090,6,5,1,1,1,0,10,7,3,4,1,3
C4415,33,24,0000,District - Madurai  24,Total,70-74,40283,20251,20032,36898,18551,18347,1820,933,887,1517,740,777,6,2,4,1,0,1,8,5,3,0,0,0
C4415,33,24,0000,District - Madurai  24,Total,75-79,18021,9573,8448,16417,8734,7683,750,401,349,842,428,414,1,1,0,1,1,0,4,2,2,0,0,0
C4415,33,24,0000,District - Madurai  24,Total,80+,21713,10388,11325,19716,9454,10262,1075,498,577,901,429,472,2,1,1,0,0,0,1,1,0,0,0,0
C4415,33,24,0000,District - Madurai  24,Total,Age not stated,39648,20789,18859,36016,18897,17119,2078,1064,1014,1212,618,594,7,4,3,3,3,0,13,7,6,2,2,0
C4415,33,24,0000,District - Madurai  24,Rural,All ages,1134025,573036,560989,1086584,549314,537270,31750,15817,15933,14146,7118,7028,124,66,58,35,19,16,135,68,67,20,10,10
C4415,33,24,0000,District - Madurai  24,Rural,0-4,97812,51503,46309,93836,49477,44359,2790,1425,1365,1057,547,510,13,6,7,8,2,6,7,4,3,1,1,0
C4415,33,24,0000,District - Madurai  24,Rural,5-9,106573,55545,51028,102431,53408,49023,2991,1549,1442,1020,517,503,7,4,3,0,0,0,13,9,4,2,0,2
C4415,33,24,0000,District - Madurai  24,Rural,10-14,112652,58813,53839,107912,56427,51485,3339,1691,1648,1204,595,609,16,10,6,3,1,2,15,8,7,1,1,0
C4415,33,24,0000,District - Madurai  24,Rural,15-19,115002,60109,54893,109572,57347,52225,3681,1841,1840,1606,852,754,12,6,6,1,0,1,16,6,10,2,1,1
C4415,33,24,0000,District - Madurai  24,Rural,20-24,100394,50818,49576,95510,48295,47215,3095,1554,1541,1678,907,771,12,6,6,3,3,0,13,8,5,0,0,0
C4415,33,24,0000,District - Madurai  24,Rural,25-29,98787,47158,51629,94686,45245,49441,2822,1307,1515,1177,554,623,10,5,5,4,3,1,8,3,5,1,0,1
C4415,33,24,0000,District - Madurai  24,Rural,30-34,77711,38357,39354,74512,36764,37748,2143,1074,1069,979,481,498,9,5,4,1,1,0,8,4,4,3,3,0
C4415,33,24,0000,District - Madurai  24,Rural,35-39,84329,40274,44055,81089,38765,42324,2149,1030,1119,1020,456,564,5,2,3,1,0,1,13,4,9,2,1,1
C4415,33,24,0000,District - Madurai  24,Rural,40-44,65759,33711,32048,63165,32384,30781,1640,842,798,878,447,431,5,1,4,2,1,1,9,3,6,1,0,1
C4415,33,24,0000,District - Madurai  24,Rural,45-49,63127,31321,31806,60654,30120,30534,1565,781,784,826,379,447,10,6,4,4,2,2,11,6,5,0,0,0
C4415,33,24,0000,District - Madurai  24,Rural,50-54,51630,26124,25506,49585,25091,24494,1269,626,643,712,378,334,4,2,2,2,1,1,2,1,1,3,2,1
C4415,33,24,0000,District - Madurai  24,Rural,55-59,39452,19095,20357,37878,18311,19567,1022,498,524,517,269,248,3,1,2,1,0,1,4,2,2,1,1,0
C4415,33,24,0000,District - Madurai  24,Rural,60-64,40223,19456,20767,38722,18719,20003,999,482,517,455,231,224,5,3,2,1,1,0,5,3,2,2,0,2
C4415,33,24,0000,District - Madurai  24,Rural,65-69,23578,11329,12249,22610,10874,11736,633,300,333,307,141,166,2,2,0,1,1,0,1,1,0,1,0,1
C4415,33,24,0000,District - Madurai  24,Rural,70-74,18465,9294,9171,17745,8936,8809,482,243,239,213,100,113,3,1,2,0,0,0,6,4,2,0,0,0
C4415,33,24,0000,District - Madurai  24,Rural,75-79,7199,3893,3306,6905,3729,3176,180,104,76,107,54,53,1,1,0,0,0,0,2,1,1,0,0,0
C4415,33,24,0000,District - Madurai  24,Rural,80+,9130,4484,4646,8721,4283,4438,267,133,134,126,64,62,1,1,0,0,0,0,0,0,0,0,0,0
C4415,33,24,0000,District - Madurai  24,Rural,Age not stated,22202,11752,10450,21051,11139,9912,683,337,346,264,146,118,6,4,2,3,3,0,2,1,1,0,0,0
C4415,33,24,0000,District - Madurai  24,Urban,All ages,1444176,730327,713849,1264435,639939,624496,105693,53847,51846,72206,35541,36665,178,100,78,47,22,25,701,386,315,101,52,49
C4415,33,24,0000,District - Madurai  24,Urban,0-4,110518,56653,53865,96915,49639,47276,8660,4521,4139,4785,2402,2383,15,10,5,4,1,3,54,32,22,6,5,1
C4415,33,24,0000,District - Madurai  24,Urban,5-9,119089,60929,58160,104535,53357,51178,9420,4904,4516,4959,2574,2385,11,5,6,4,4,0,103,60,43,4,2,2
C4415,33,24,0000,District - Madurai  24,Urban,10-14,131024,66923,64101,114241,58147,56094,10578,5639,4939,6023,3040,2983,14,10,4,4,2,2,91,46,45,5,5,0
C4415,33,24,0000,District - Madurai  24,Urban,15-19,145842,73104,72738,126717,63690,63027,11902,5808,6094,7040,3506,3534,18,8,10,5,2,3,80,47,33,12,7,5
C4415,33,24,0000,District - Madurai  24,Urban,20-24,141260,67838,73422,122577,59079,63498,11266,5385,5881,7264,3298,3966,19,8,11,10,3,7,58,33,25,14,5,9
C4415,33,24,0000,District - Madurai  24,Urban,25-29,141380,68398,72982,123786,59959,63827,10551,5103,5448,6844,3229,3615,16,9,7,3,1,2,85,45,40,15,8,7
C4415,33,24,0000,District - Madurai  24,Urban,30-34,117306,60193,57113,102945,52899,50046,8246,4253,3993,5969,2970,2999,17,13,4,3,1,2,54,21,33,7,3,4
C4415,33,24,0000,District - Madurai  24,Urban,35-39,114653,57719,56934,100839,50882,49957,8043,4044,3999,5639,2717,2922,14,9,5,4,1,3,56,32,24,8,5,3
C4415,33,24,0000,District - Madurai  24,Urban,40-44,90377,47914,42463,79588,42231,37357,5956,3243,2713,4738,2384,2354,13,7,6,1,1,0,38,24,14,3,0,3
C4415,33,24,0000,District - Madurai  24,Urban,45-49,81441,42968,38473,71734,37888,33846,5276,2828,2448,4356,2208,2148,11,6,5,2,2,0,22,12,10,9,4,5
C4415,33,24,0000,District - Madurai  24,Urban,50-54,66355,35082,31273,58382,30877,27505,4068,2224,1844,3854,1954,1900,9,5,4,3,1,2,13,9,4,3,1,2
C4415,33,24,0000,District - Madurai  24,Urban,55-59,48251,24329,23922,42416,21409,21007,3134,1591,1543,2646,1304,1342,9,4,5,1,1,0,16,7,9,6,3,3
C4415,33,24,0000,District - Madurai  24,Urban,60-64,44348,22349,21999,39103,19751,19352,2657,1322,1335,2559,1260,1299,3,2,1,1,1,0,6,3,3,4,1,3
C4415,33,24,0000,District - Madurai  24,Urban,65-69,29663,14350,15313,26032,12582,13450,1825,903,922,1768,844,924,4,3,1,0,0,0,9,6,3,3,1,2
C4415,33,24,0000,District - Madurai  24,Urban,70-74,21818,10957,10861,19153,9615,9538,1338,690,648,1304,640,664,3,1,2,1,0,1,2,1,1,0,0,0
C4415,33,24,0000,District - Madurai  24,Urban,75-79,10822,5680,5142,9512,5005,4507,570,297,273,735,374,361,0,0,0,1,1,0,2,1,1,0,0,0
C4415,33,24,0000,District - Madurai  24,Urban,80+,12583,5904,6679,10995,5171,5824,808,365,443,775,365,410,1,0,1,0,0,0,1,1,0,0,0,0
C4415,33,24,0000,District - Madurai  24,Urban,Age not stated,17446,9037,8409,14965,7758,7207,1395,727,668,948,472,476,1,0,1,0,0,0,11,6,5,2,2,0
C4415,33,25,0000,District - Theni  *  25,Total,All ages,1093950,552986,540964,1011456,512096,499360,48066,23994,24072,33830,16592,17238,57,30,27,25,16,9,80,40,40,13,6,7
C4415,33,25,0000,District - Theni  *  25,Total,0-4,88642,46698,41944,81679,43140,38539,4061,2057,2004,2846,1467,1379,5,3,2,4,3,1,6,4,2,1,0,1
C4415,33,25,0000,District - Theni  *  25,Total,5-9,99693,52819,46874,92222,49056,43166,4423,2209,2214,2993,1529,1464,2,1,1,2,1,1,8,4,4,0,0,0
C4415,33,25,0000,District - Theni  *  25,Total,10-14,110492,58052,52440,102148,53798,48350,4761,2468,2293,3524,1750,1774,11,8,3,0,0,0,9,3,6,2,1,1
C4415,33,25,0000,District - Theni  *  25,Total,15-19,107814,55561,52253,99076,51287,47789,5263,2564,2699,3428,1689,1739,3,0,3,3,1,2,9,6,3,1,0,1
C4415,33,25,0000,District - Theni  *  25,Total,20-24,92638,45415,47223,84994,41893,43101,4717,2188,2529,2881,1309,1572,2,0,2,3,1,2,8,4,4,1,1,0
C4415,33,25,0000,District - Theni  *  25,Total,25-29,98815,46870,51945,91170,43166,48004,4532,2259,2273,3050,1414,1636,2,1,1,5,4,1,12,8,4,1,1,0
C4415,33,25,0000,District - Theni  *  25,Total,30-34,83332,41099,42233,76953,37976,38977,3702,1846,1856,2635,1253,1382,8,6,2,1,1,0,7,2,5,1,0,1
C4415,33,25,0000,District - Theni  *  25,Total,35-39,88575,43777,44798,82345,40638,41707,3569,1816,1753,2631,1306,1325,0,0,0,2,1,1,5,1,4,0,0,0
C4415,33,25,0000,District - Theni  *  25,Total,40-44,67106,35527,31579,62345,33040,29305,2800,1463,1337,1934,1012,922,4,2,2,1,1,0,4,2,2,1,1,0
C4415,33,25,0000,District - Theni  *  25,Total,45-49,62235,31830,30405,57879,29599,28280,2466,1296,1170,1861,921,940,2,0,2,1,1,0,3,2,1,1,0,1
C4415,33,25,0000,District - Theni  *  25,Total,50-54,48936,24772,24164,45455,22997,22458,1920,992,928,1539,777,762,3,1,2,0,0,0,3,1,2,1,0,1
C4415,33,25,0000,District - Theni  *  25,Total,55-59,38758,18600,20158,35995,17262,18733,1544,758,786,1191,564,627,7,2,5,1,1,0,1,0,1,1,1,0
C4415,33,25,0000,District - Theni  *  25,Total,60-64,37906,18263,19643,35315,17042,18273,1428,666,762,1147,546,601,1,1,0,0,0,0,1,0,1,1,1,0
C4415,33,25,0000,District - Theni  *  25,Total,65-69,24368,11351,13017,22655,10551,12104,932,449,483,774,350,424,2,1,1,1,0,1,1,0,1,0,0,0
C4415,33,25,0000,District - Theni  *  25,Total,70-74,19595,9837,9758,18216,9139,9077,774,388,386,594,304,290,0,0,0,0,0,0,1,1,0,0,0,0
C4415,33,25,0000,District - Theni  *  25,Total,75-79,8293,4207,4086,7711,3910,3801,314,152,162,259,140,119,1,1,0,0,0,0,1,1,0,0,0,0
C4415,33,25,0000,District - Theni  *  25,Total,80+,9860,4626,5234,9104,4277,4827,436,195,241,310,149,161,3,2,1,1,1,0,1,1,0,1,0,1
C4415,33,25,0000,District - Theni  *  25,Total,Age not stated,6892,3682,3210,6194,3325,2869,424,228,196,233,112,121,1,1,0,0,0,0,0,0,0,0,0,0
C4415,33,25,0000,District - Theni  *  25,Rural,All ages,502109,255152,246957,481208,244762,236446,6179,3079,3100,14390,7137,7253,30,16,14,15,10,5,32,18,14,3,2,1
C4415,33,25,0000,District - Theni  *  25,Rural,0-4,41374,22031,19343,39573,21100,18473,506,250,256,1262,659,603,3,1,2,2,1,1,2,2,0,0,0,0
C4415,33,25,0000,District - Theni  *  25,Rural,5-9,47074,25251,21823,45181,24279,20902,557,276,281,1305,684,621,0,0,0,2,1,1,3,1,2,0,0,0
C4415,33,25,0000,District - Theni  *  25,Rural,10-14,51731,27554,24177,49570,26435,23135,583,317,266,1549,780,769,7,5,2,0,0,0,2,1,1,0,0,0
C4415,33,25,0000,District - Theni  *  25,Rural,15-19,49539,25942,23597,47225,24801,22424,720,335,385,1565,794,771,3,0,3,2,1,1,5,4,1,0,0,0
C4415,33,25,0000,District - Theni  *  25,Rural,20-24,41540,20960,20580,39743,20099,19644,606,306,300,1165,540,625,0,0,0,1,1,0,7,3,4,0,0,0
C4415,33,25,0000,District - Theni  *  25,Rural,25-29,44496,21120,23376,42697,20237,22460,536,286,250,1232,582,650,1,1,0,2,2,0,3,2,1,0,0,0
C4415,33,25,0000,District - Theni  *  25,Rural,30-34,36997,18180,18817,35498,17486,18012,416,193,223,1057,487,570,5,4,1,0,0,0,4,1,3,1,0,1
C4415,33,25,0000,District - Theni  *  25,Rural,35-39,40212,19612,20600,38653,18839,19814,419,215,204,1121,547,574,0,0,0,2,1,1,3,1,2,0,0,0
C4415,33,25,0000,District - Theni  *  25,Rural,40-44,30091,15849,14242,28934,15257,13677,325,144,181,821,441,380,1,1,0,1,1,0,1,1,0,1,1,0
C4415,33,25,0000,District - Theni  *  25,Rural,45-49,28292,14294,13998,27133,13711,13422,352,182,170,790,393,397,1,0,1,1,1,0,0,0,0,0,0,0
C4415,33,25,0000,District - Theni  *  25,Rural,50-54,22145,11149,10996,21215,10677,10538,278,144,134,637,323,314,3,1,2,0,0,0,1,1,0,0,0,0
C4415,33,25,0000,District - Theni  *  25,Rural,55-59,17850,8361,9489,17134,8026,9108,204,94,110,496,233,263,2,0,2,1,1,0,0,0,0,0,0,0
C4415,33,25,0000,District - Theni  *  25,Rural,60-64,17810,8625,9185,17121,8299,8822,221,102,119,460,218,242,1,1,0,0,0,0,0,0,0,1,1,0
C4415,33,25,0000,District - Theni  *  25,Rural,65-69,11534,5321,6213,11041,5104,5937,142,65,77,346,152,194,1,0,1,1,0,1,0,0,0,0,0,0
C4415,33,25,0000,District - Theni  *  25,Rural,70-74,9344,4757,4587,8945,4540,4405,132,76,56,260,136,124,0,0,0,0,0,0,1,1,0,0,0,0
C4415,33,25,0000,District - Theni  *  25,Rural,75-79,3959,2024,1935,3794,1937,1857,39,18,21,122,67,55,1,1,0,0,0,0,0,0,0,0,0,0
C4415,33,25,0000,District - Theni  *  25,Rural,80+,4522,2166,2356,4329,2080,2249,66,31,35,124,53,71,1,1,0,0,0,0,0,0,0,0,0,0
C4415,33,25,0000,District - Theni  *  25,Rural,Age not stated,3599,1956,1643,3422,1855,1567,77,45,32,78,48,30,0,0,0,0,0,0,0,0,0,0,0,0
C4415,33,25,0000,District - Theni  *  25,Urban,All ages,591841,297834,294007,530248,267334,262914,41887,20915,20972,19440,9455,9985,27,14,13,10,6,4,48,22,26,10,4,6
C4415,33,25,0000,District - Theni  *  25,Urban,0-4,47268,24667,22601,42106,22040,20066,3555,1807,1748,1584,808,776,2,2,0,2,2,0,4,2,2,1,0,1
C4415,33,25,0000,District - Theni  *  25,Urban,5-9,52619,27568,25051,47041,24777,22264,3866,1933,1933,1688,845,843,2,1,1,0,0,0,5,3,2,0,0,0
C4415,33,25,0000,District - Theni  *  25,Urban,10-14,58761,30498,28263,52578,27363,25215,4178,2151,2027,1975,970,1005,4,3,1,0,0,0,7,2,5,2,1,1
C4415,33,25,0000,District - Theni  *  25,Urban,15-19,58275,29619,28656,51851,26486,25365,4543,2229,2314,1863,895,968,0,0,0,1,0,1,4,2,2,1,0,1
C4415,33,25,0000,District - Theni  *  25,Urban,20-24,51098,24455,26643,45251,21794,23457,4111,1882,2229,1716,769,947,2,0,2,2,0,2,1,1,0,1,1,0
C4415,33,25,0000,District - Theni  *  25,Urban,25-29,54319,25750,28569,48473,22929,25544,3996,1973,2023,1818,832,986,1,0,1,3,2,1,9,6,3,1,1,0
C4415,33,25,0000,District - Theni  *  25,Urban,30-34,46335,22919,23416,41455,20490,20965,3286,1653,1633,1578,766,812,3,2,1,1,1,0,3,1,2,0,0,0
C4415,33,25,0000,District - Theni  *  25,Urban,35-39,48363,24165,24198,43692,21799,21893,3150,1601,1549,1510,759,751,0,0,0,0,0,0,2,0,2,0,0,0
C4415,33,25,0000,District - Theni  *  25,Urban,40-44,37015,19678,17337,33411,17783,15628,2475,1319,1156,1113,571,542,3,1,2,0,0,0,3,1,2,0,0,0
C4415,33,25,0000,District - Theni  *  25,Urban,45-49,33943,17536,16407,30746,15888,14858,2114,1114,1000,1071,528,543,1,0,1,0,0,0,3,2,1,1,0,1
C4415,33,25,0000,District - Theni  *  25,Urban,50-54,26791,13623,13168,24240,12320,11920,1642,848,794,902,454,448,0,0,0,0,0,0,2,0,2,1,0,1
C4415,33,25,0000,District - Theni  *  25,Urban,55-59,20908,10239,10669,18861,9236,9625,1340,664,676,695,331,364,5,2,3,0,0,0,1,0,1,1,1,0
C4415,33,25,0000,District - Theni  *  25,Urban,60-64,20096,9638,10458,18194,8743,9451,1207,564,643,687,328,359,0,0,0,0,0,0,1,0,1,0,0,0
C4415,33,25,0000,District - Theni  *  25,Urban,65-69,12834,6030,6804,11614,5447,6167,790,384,406,428,198,230,1,1,0,0,0,0,1,0,1,0,0,0
C4415,33,25,0000,District - Theni  *  25,Urban,70-74,10251,5080,5171,9271,4599,4672,642,312,330,334,168,166,0,0,0,0,0,0,0,0,0,0,0,0
C4415,33,25,0000,District - Theni  *  25,Urban,75-79,4334,2183,2151,3917,1973,1944,275,134,141,137,73,64,0,0,0,0,0,0,1,1,0,0,0,0
C4415,33,25,0000,District - Theni  *  25,Urban,80+,5338,2460,2878,4775,2197,2578,370,164,206,186,96,90,2,1,1,1,1,0,1,1,0,1,0,1
C4415,33,25,0000,District - Theni  *  25,Urban,Age not stated,3293,1726,1567,2772,1470,1302,347,183,164,155,64,91,1,1,0,0,0,0,0,0,0,0,0,0
C4415,33,26,0000,District - Virudhunagar  26,Total,All ages,1751301,870376,880925,1637939,814849,823090,43309,21299,22010,68295,33307,34988,54,31,23,41,24,17,167,91,76,217,127,90
C4415,33,26,0000,District - Virudhunagar  26,Total,0-4,148593,75711,72882,139129,70897,68232,3697,1902,1795,5638,2846,2792,6,3,3,4,3,1,13,5,8,12,7,5
C4415,33,26,0000,District - Virudhunagar  26,Total,5-9,159280,81222,78058,149065,76109,72956,4071,2027,2044,6001,3012,2989,3,3,0,3,1,2,17,11,6,26,15,11
C4415,33,26,0000,District - Virudhunagar  26,Total,10-14,169540,86660,82880,158093,80894,77199,4451,2242,2209,6815,3427,3388,3,2,1,2,2,0,19,12,7,44,20,24
C4415,33,26,0000,District - Virudhunagar  26,Total,15-19,182255,91125,91130,169869,85109,84760,4886,2377,2509,7314,3539,3775,5,3,2,4,3,1,8,2,6,52,32,20
C4415,33,26,0000,District - Virudhunagar  26,Total,20-24,159580,75998,83582,148479,70714,77765,4412,2116,2296,6517,3065,3452,5,3,2,5,2,3,15,9,6,29,23,6
C4415,33,26,0000,District - Virudhunagar  26,Total,25-29,157643,74734,82909,147355,69834,77521,4043,1899,2144,6131,2936,3195,2,1,1,4,4,0,10,7,3,13,11,2
C4415,33,26,0000,District - Virudhunagar  26,Total,30-34,131797,64883,66914,123361,60818,62543,3145,1545,1600,5166,2459,2707,7,3,4,2,0,2,19,10,9,9,3,6
C4415,33,26,0000,District - Virudhunagar  26,Total,35-39,134221,66123,68098,125821,62128,63693,3142,1499,1643,5164,2445,2719,1,0,1,1,0,1,14,12,2,8,4,4
C4415,33,26,0000,District - Virudhunagar  26,Total,40-44,106214,54521,51693,99540,51152,48388,2520,1282,1238,4067,2047,2020,4,3,1,4,0,4,14,7,7,6,3,3
C4415,33,26,0000,District - Virudhunagar  26,Total,45-49,97351,49529,47822,91250,46514,44736,2286,1131,1155,3725,1841,1884,4,2,2,2,1,1,7,3,4,8,4,4
C4415,33,26,0000,District - Virudhunagar  26,Total,50-54,77379,39312,38067,72641,36961,35680,1757,878,879,2923,1446,1477,1,0,1,2,1,1,8,4,4,3,1,2
C4415,33,26,0000,District - Virudhunagar  26,Total,55-59,63467,31041,32426,59549,29103,30446,1445,720,725,2405,1185,1220,2,2,0,0,0,0,11,5,6,3,3,0
C4415,33,26,0000,District - Virudhunagar  26,Total,60-64,57519,27982,29537,54080,26317,27763,1221,615,606,2159,1022,1137,1,1,0,0,0,0,5,0,5,0,0,0
C4415,33,26,0000,District - Virudhunagar  26,Total,65-69,38067,18289,19778,35655,17151,18504,876,414,462,1504,708,796,3,2,1,1,1,0,1,0,1,2,0,2
C4415,33,26,0000,District - Virudhunagar  26,Total,70-74,29063,14070,14993,27246,13180,14066,618,304,314,1171,573,598,0,0,0,0,0,0,2,2,0,2,1,1
C4415,33,26,0000,District - Virudhunagar  26,Total,75-79,12845,6571,6274,12026,6151,5875,253,141,112,553,271,282,0,0,0,1,1,0,1,1,0,0,0,0
C4415,33,26,0000,District - Virudhunagar  26,Total,80+,14315,6467,7848,13423,6075,7348,305,116,189,572,267,305,2,1,1,0,0,0,0,0,0,0,0,0
C4415,33,26,0000,District - Virudhunagar  26,Total,Age not stated,12172,6138,6034,11357,5742,5615,181,91,90,470,218,252,5,2,3,6,5,1,3,1,2,0,0,0
C4415,33,26,0000,District - Virudhunagar  26,Rural,All ages,973956,482626,491330,924777,458854,465923,14848,7092,7756,33207,16117,17090,37,20,17,17,11,6,59,30,29,189,110,79
C4415,33,26,0000,District - Virudhunagar  26,Rural,0-4,85760,43748,42012,81575,41580,39995,1267,660,607,2828,1461,1367,6,3,3,3,2,1,7,4,3,12,7,5
C4415,33,26,0000,District - Virudhunagar  26,Rural,5-9,92350,47092,45258,87788,44841,42947,1485,734,751,2974,1466,1508,3,3,0,0,0,0,5,3,2,22,12,10
C4415,33,26,0000,District - Virudhunagar  26,Rural,10-14,96768,49600,47168,91640,47015,44625,1687,839,848,3321,1684,1637,3,2,1,1,1,0,9,7,2,39,17,22
C4415,33,26,0000,District - Virudhunagar  26,Rural,15-19,103589,51827,51762,98040,49201,48839,1677,782,895,3742,1775,1967,2,1,1,1,0,1,1,0,1,49,30,19
C4415,33,26,0000,District - Virudhunagar  26,Rural,20-24,88374,42438,45936,83631,40151,43480,1441,712,729,3206,1517,1689,4,3,1,3,1,2,3,3,0,26,21,5
C4415,33,26,0000,District - Virudhunagar  26,Rural,25-29,85070,40365,44705,80835,38392,42443,1291,565,726,2875,1370,1505,2,1,1,2,2,0,4,2,2,13,11,2
C4415,33,26,0000,District - Virudhunagar  26,Rural,30-34,69911,34271,35640,66409,32632,33777,973,435,538,2458,1173,1285,3,1,2,0,0,0,6,1,5,6,3,3
C4415,33,26,0000,District - Virudhunagar  26,Rural,35-39,72026,34877,37149,68572,33296,35276,982,430,552,2421,1127,1294,1,0,1,0,0,0,4,3,1,5,2,3
C4415,33,26,0000,District - Virudhunagar  26,Rural,40-44,56580,28792,27788,53855,27441,26414,813,392,421,1868,941,927,2,2,0,1,0,1,5,3,2,3,1,2
C4415,33,26,0000,District - Virudhunagar  26,Rural,45-49,52491,26224,26267,49949,25034,24915,736,335,401,1754,833,921,3,1,2,0,0,0,3,1,2,4,1,3
C4415,33,26,0000,District - Virudhunagar  26,Rural,50-54,42037,20961,21076,40022,19997,20025,617,293,324,1364,655,709,0,0,0,1,0,1,0,0,0,3,1,2
C4415,33,26,0000,District - Virudhunagar  26,Rural,55-59,35507,17010,18497,33765,16161,17604,502,249,253,1190,577,613,1,1,0,0,0,0,8,3,5,3,3,0
C4415,33,26,0000,District - Virudhunagar  26,Rural,60-64,33283,16127,17156,31673,15369,16304,485,236,249,1090,504,586,0,0,0,0,0,0,3,0,3,0,0,0
C4415,33,26,0000,District - Virudhunagar  26,Rural,65-69,21873,10517,11356,20722,9950,10772,355,177,178,772,380,392,1,0,1,1,1,0,0,0,0,2,0,2
C4415,33,26,0000,District - Virudhunagar  26,Rural,70-74,16441,7998,8443,15589,7599,7990,232,100,132,603,293,310,0,0,0,0,0,0,0,0,0,2,1,1
C4415,33,26,0000,District - Virudhunagar  26,Rural,75-79,7003,3598,3405,6627,3399,3228,85,50,35,283,145,138,0,0,0,1,1,0,0,0,0,0,0,0
C4415,33,26,0000,District - Virudhunagar  26,Rural,80+,7790,3654,4136,7364,3451,3913,127,59,68,288,138,150,1,0,1,0,0,0,0,0,0,0,0,0
C4415,33,26,0000,District - Virudhunagar  26,Rural,Age not stated,7103,3527,3576,6721,3345,3376,93,44,49,170,78,92,5,2,3,3,3,0,1,0,1,0,0,0
C4415,33,26,0000,District - Virudhunagar  26,Urban,All ages,777345,387750,389595,713162,355995,357167,28461,14207,14254,35088,17190,17898,17,11,6,24,13,11,108,61,47,28,17,11
C4415,33,26,0000,District - Virudhunagar  26,Urban,0-4,62833,31963,30870,57554,29317,28237,2430,1242,1188,2810,1385,1425,0,0,0,1,1,0,6,1,5,0,0,0
C4415,33,26,0000,District - Virudhunagar  26,Urban,5-9,66930,34130,32800,61277,31268,30009,2586,1293,1293,3027,1546,1481,0,0,0,3,1,2,12,8,4,4,3,1
C4415,33,26,0000,District - Virudhunagar  26,Urban,10-14,72772,37060,35712,66453,33879,32574,2764,1403,1361,3494,1743,1751,0,0,0,1,1,0,10,5,5,5,3,2
C4415,33,26,0000,District - Virudhunagar  26,Urban,15-19,78666,39298,39368,71829,35908,35921,3209,1595,1614,3572,1764,1808,3,2,1,3,3,0,7,2,5,3,2,1
C4415,33,26,0000,District - Virudhunagar  26,Urban,20-24,71206,33560,37646,64848,30563,34285,2971,1404,1567,3311,1548,1763,1,0,1,2,1,1,12,6,6,3,2,1
C4415,33,26,0000,District - Virudhunagar  26,Urban,25-29,72573,34369,38204,66520,31442,35078,2752,1334,1418,3256,1566,1690,0,0,0,2,2,0,6,5,1,0,0,0
C4415,33,26,0000,District - Virudhunagar  26,Urban,30-34,61886,30612,31274,56952,28186,28766,2172,1110,1062,2708,1286,1422,4,2,2,2,0,2,13,9,4,3,0,3
C4415,33,26,0000,District - Virudhunagar  26,Urban,35-39,62195,31246,30949,57249,28832,28417,2160,1069,1091,2743,1318,1425,0,0,0,1,0,1,10,9,1,3,2,1
C4415,33,26,0000,District - Virudhunagar  26,Urban,40-44,49634,25729,23905,45685,23711,21974,1707,890,817,2199,1106,1093,2,1,1,3,0,3,9,4,5,3,2,1
C4415,33,26,0000,District - Virudhunagar  26,Urban,45-49,44860,23305,21555,41301,21480,19821,1550,796,754,1971,1008,963,1,1,0,2,1,1,4,2,2,4,3,1
C4415,33,26,0000,District - Virudhunagar  26,Urban,50-54,35342,18351,16991,32619,16964,15655,1140,585,555,1559,791,768,1,0,1,1,1,0,8,4,4,0,0,0
C4415,33,26,0000,District - Virudhunagar  26,Urban,55-59,27960,14031,13929,25784,12942,12842,943,471,472,1215,608,607,1,1,0,0,0,0,3,2,1,0,0,0
C4415,33,26,0000,District - Virudhunagar  26,Urban,60-64,24236,11855,12381,22407,10948,11459,736,379,357,1069,518,551,1,1,0,0,0,0,2,0,2,0,0,0
C4415,33,26,0000,District - Virudhunagar  26,Urban,65-69,16194,7772,8422,14933,7201,7732,521,237,284,732,328,404,2,2,0,0,0,0,1,0,1,0,0,0
C4415,33,26,0000,District - Virudhunagar  26,Urban,70-74,12622,6072,6550,11657,5581,6076,386,204,182,568,280,288,0,0,0,0,0,0,2,2,0,0,0,0
C4415,33,26,0000,District - Virudhunagar  26,Urban,75-79,5842,2973,2869,5399,2752,2647,168,91,77,270,126,144,0,0,0,0,0,0,1,1,0,0,0,0
C4415,33,26,0000,District - Virudhunagar  26,Urban,80+,6525,2813,3712,6059,2624,3435,178,57,121,284,129,155,1,1,0,0,0,0,0,0,0,0,0,0
C4415,33,26,0000,District - Virudhunagar  26,Urban,Age not stated,5069,2611,2458,4636,2397,2239,88,47,41,300,140,160,0,0,0,3,2,1,2,1,1,0,0,0
C4415,33,27,0000,District - Ramanathapuram  27,Total,All ages,1187604,583376,604228,928090,460478,467612,174079,80472,93607,84092,41737,42355,61,33,28,24,10,14,18,9,9,92,53,39
C4415,33,27,0000,District - Ramanathapuram  27,Total,0-4,106318,54028,52290,81568,41498,40070,17174,8679,8495,7492,3805,3687,5,2,3,3,2,1,1,0,1,11,7,4
C4415,33,27,0000,District - Ramanathapuram  27,Total,5-9,116141,59046,57095,89729,45727,44002,18386,9190,9196,7950,4095,3855,8,4,4,4,1,3,3,1,2,6,3,3
C4415,33,27,0000,District - Ramanathapuram  27,Total,10-14,126093,63579,62514,96974,48920,48054,20192,10090,10102,8713,4433,4280,2,2,0,1,0,1,0,0,0,9,4,5
C4415,33,27,0000,District - Ramanathapuram  27,Total,15-19,129196,63226,65970,99296,48867,50429,20746,9793,10953,8927,4433,4494,7,2,5,4,1,3,2,2,0,11,8,3
C4415,33,27,0000,District - Ramanathapuram  27,Total,20-24,107792,52222,55570,83150,40816,42334,16967,7726,9241,7591,3652,3939,3,2,1,3,1,2,0,0,0,3,0,3
C4415,33,27,0000,District - Ramanathapuram  27,Total,25-29,100568,46298,54270,79179,36937,42242,14367,6064,8303,6958,3270,3688,6,2,4,1,1,0,1,0,1,8,4,4
C4415,33,27,0000,District - Ramanathapuram  27,Total,30-34,81553,38959,42594,64188,31117,33071,11545,5039,6506,5763,2775,2988,9,5,4,1,0,1,2,0,2,9,7,2
C4415,33,27,0000,District - Ramanathapuram  27,Total,35-39,87258,41132,46126,69677,33202,36475,11500,4982,6518,6024,2919,3105,2,1,1,1,1,0,2,1,1,8,4,4
C4415,33,27,0000,District - Ramanathapuram  27,Total,40-44,68331,34366,33965,54728,27960,26768,8646,3920,4726,4915,2461,2454,4,2,2,1,1,0,2,0,2,9,7,2
C4415,33,27,0000,District - Ramanathapuram  27,Total,45-49,65340,32378,32962,52380,26352,26028,8114,3644,4470,4808,2362,2446,4,4,0,0,0,0,2,2,0,2,2,0
C4415,33,27,0000,District - Ramanathapuram  27,Total,50-54,51265,25825,25440,40885,20973,19912,6684,2970,3714,3661,1865,1796,3,1,2,1,1,0,3,3,0,1,0,1
C4415,33,27,0000,District - Ramanathapuram  27,Total,55-59,41531,19885,21646,33374,16130,17244,4948,2189,2759,3183,1555,1628,4,3,1,0,0,0,0,0,0,2,0,2
C4415,33,27,0000,District - Ramanathapuram  27,Total,60-64,39676,19551,20125,31547,15946,15601,5185,2107,3078,2911,1479,1432,3,2,1,1,0,1,0,0,0,5,2,3
C4415,33,27,0000,District - Ramanathapuram  27,Total,65-69,26362,12765,13597,20641,10166,10475,3580,1539,2041,2123,1050,1073,1,1,0,0,0,0,0,0,0,3,2,1
C4415,33,27,0000,District - Ramanathapuram  27,Total,70-74,19688,9858,9830,15271,7832,7439,2899,1244,1655,1504,774,730,0,0,0,1,1,0,0,0,0,1,1,0
C4415,33,27,0000,District - Ramanathapuram  27,Total,75-79,8283,4335,3948,6396,3444,2952,1192,520,672,691,369,322,0,0,0,0,0,0,0,0,0,0,0,0
C4415,33,27,0000,District - Ramanathapuram  27,Total,80+,9530,4525,5005,7194,3549,3645,1598,605,993,737,371,366,0,0,0,0,0,0,0,0,0,0,0,0
C4415,33,27,0000,District - Ramanathapuram  27,Total,Age not stated,2679,1398,1281,1913,1042,871,356,171,185,141,69,72,0,0,0,2,0,2,0,0,0,4,2,2
C4415,33,27,0000,District - Ramanathapuram  27,Rural,All ages,885210,433290,451920,709066,350070,358996,106395,48534,57861,68690,34139,34551,18,9,9,15,5,10,12,5,7,29,17,12
C4415,33,27,0000,District - Ramanathapuram  27,Rural,0-4,79488,40456,39032,62546,31850,30696,10752,5436,5316,6127,3134,2993,4,2,2,2,2,0,1,0,1,5,3,2
C4415,33,27,0000,District - Ramanathapuram  27,Rural,5-9,86993,44324,42669,68872,35175,33697,11612,5798,5814,6456,3329,3127,3,1,2,3,0,3,2,0,2,2,1,1
C4415,33,27,0000,District - Ramanathapuram  27,Rural,10-14,93799,47532,46267,73663,37350,36313,12778,6379,6399,7191,3682,3509,1,1,0,0,0,0,0,0,0,5,2,3
C4415,33,27,0000,District - Ramanathapuram  27,Rural,15-19,95945,46911,49034,75616,37112,38504,12849,6041,6808,7293,3647,3646,0,0,0,3,1,2,2,2,0,2,2,0
C4415,33,27,0000,District - Ramanathapuram  27,Rural,20-24,78561,37987,40574,62339,30499,31840,10037,4518,5519,6116,2951,3165,2,1,1,2,0,2,0,0,0,1,0,1
C4415,33,27,0000,District - Ramanathapuram  27,Rural,25-29,72584,33232,39352,58698,27206,31492,8306,3383,4923,5541,2624,2917,1,0,1,0,0,0,1,0,1,0,0,0
C4415,33,27,0000,District - Ramanathapuram  27,Rural,30-34,58272,27460,30812,47021,22392,24629,6672,2848,3824,4545,2206,2339,3,2,1,1,0,1,2,0,2,3,2,1
C4415,33,27,0000,District - Ramanathapuram  27,Rural,35-39,64380,29703,34677,52649,24520,28129,6900,2880,4020,4793,2284,2509,0,0,0,1,1,0,0,0,0,3,2,1
C4415,33,27,0000,District - Ramanathapuram  27,Rural,40-44,50973,25126,25847,41797,20925,20872,5136,2213,2923,4014,1973,2041,1,1,0,0,0,0,1,0,1,2,2,0
C4415,33,27,0000,District - Ramanathapuram  27,Rural,45-49,49849,24440,25409,40843,20286,20557,4988,2178,2810,3989,1964,2025,1,1,0,0,0,0,1,1,0,0,0,0
C4415,33,27,0000,District - Ramanathapuram  27,Rural,50-54,39120,19429,19691,32021,16152,15869,4061,1745,2316,3010,1519,1491,2,0,2,0,0,0,2,2,0,0,0,0
C4415,33,27,0000,District - Ramanathapuram  27,Rural,55-59,32300,15398,16902,26609,12790,13819,2997,1298,1699,2676,1302,1374,0,0,0,0,0,0,0,0,0,1,0,1
C4415,33,27,0000,District - Ramanathapuram  27,Rural,60-64,31242,15459,15783,25506,12929,12577,3235,1255,1980,2479,1261,1218,0,0,0,0,0,0,0,0,0,1,1,0
C4415,33,27,0000,District - Ramanathapuram  27,Rural,65-69,20612,10060,10552,16575,8210,8365,2229,951,1278,1797,893,904,0,0,0,0,0,0,0,0,0,0,0,0
C4415,33,27,0000,District - Ramanathapuram  27,Rural,70-74,15476,7821,7655,12285,6354,5931,1850,778,1072,1329,682,647,0,0,0,1,1,0,0,0,0,0,0,0
C4415,33,27,0000,District - Ramanathapuram  27,Rural,75-79,6351,3376,2975,4987,2708,2279,762,347,415,598,319,279,0,0,0,0,0,0,0,0,0,0,0,0
C4415,33,27,0000,District - Ramanathapuram  27,Rural,80+,7167,3464,3703,5527,2775,2752,1016,375,641,624,314,310,0,0,0,0,0,0,0,0,0,0,0,0
C4415,33,27,0000,District - Ramanathapuram  27,Rural,Age not stated,2098,1112,986,1512,837,675,215,111,104,112,55,57,0,0,0,2,0,2,0,0,0,4,2,2
C4415,33,27,0000,District - Ramanathapuram  27,Urban,All ages,302394,150086,152308,219024,110408,108616,67684,31938,35746,15402,7598,7804,43,24,19,9,5,4,6,4,2,63,36,27
C4415,33,27,0000,District - Ramanathapuram  27,Urban,0-4,26830,13572,13258,19022,9648,9374,6422,3243,3179,1365,671,694,1,0,1,1,0,1,0,0,0,6,4,2
C4415,33,27,0000,District - Ramanathapuram  27,Urban,5-9,29148,14722,14426,20857,10552,10305,6774,3392,3382,1494,766,728,5,3,2,1,1,0,1,1,0,4,2,2
C4415,33,27,0000,District - Ramanathapuram  27,Urban,10-14,32294,16047,16247,23311,11570,11741,7414,3711,3703,1522,751,771,1,1,0,1,0,1,0,0,0,4,2,2
C4415,33,27,0000,District - Ramanathapuram  27,Urban,15-19,33251,16315,16936,23680,11755,11925,7897,3752,4145,1634,786,848,7,2,5,1,0,1,0,0,0,9,6,3
C4415,33,27,0000,District - Ramanathapuram  27,Urban,20-24,29231,14235,14996,20811,10317,10494,6930,3208,3722,1475,701,774,1,1,0,1,1,0,0,0,0,2,0,2
C4415,33,27,0000,District - Ramanathapuram  27,Urban,25-29,27984,13066,14918,20481,9731,10750,6061,2681,3380,1417,646,771,5,2,3,1,1,0,0,0,0,8,4,4
C4415,33,27,0000,District - Ramanathapuram  27,Urban,30-34,23281,11499,11782,17167,8725,8442,4873,2191,2682,1218,569,649,6,3,3,0,0,0,0,0,0,6,5,1
C4415,33,27,0000,District - Ramanathapuram  27,Urban,35-39,22878,11429,11449,17028,8682,8346,4600,2102,2498,1231,635,596,2,1,1,0,0,0,2,1,1,5,2,3
C4415,33,27,0000,District - Ramanathapuram  27,Urban,40-44,17358,9240,8118,12931,7035,5896,3510,1707,1803,901,488,413,3,1,2,1,1,0,1,0,1,7,5,2
C4415,33,27,0000,District - Ramanathapuram  27,Urban,45-49,15491,7938,7553,11537,6066,5471,3126,1466,1660,819,398,421,3,3,0,0,0,0,1,1,0,2,2,0
C4415,33,27,0000,District - Ramanathapuram  27,Urban,50-54,12145,6396,5749,8864,4821,4043,2623,1225,1398,651,346,305,1,1,0,1,1,0,1,1,0,1,0,1
C4415,33,27,0000,District - Ramanathapuram  27,Urban,55-59,9231,4487,4744,6765,3340,3425,1951,891,1060,507,253,254,4,3,1,0,0,0,0,0,0,1,0,1
C4415,33,27,0000,District - Ramanathapuram  27,Urban,60-64,8434,4092,4342,6041,3017,3024,1950,852,1098,432,218,214,3,2,1,1,0,1,0,0,0,4,1,3
C4415,33,27,0000,District - Ramanathapuram  27,Urban,65-69,5750,2705,3045,4066,1956,2110,1351,588,763,326,157,169,1,1,0,0,0,0,0,0,0,3,2,1
C4415,33,27,0000,District - Ramanathapuram  27,Urban,70-74,4212,2037,2175,2986,1478,1508,1049,466,583,175,92,83,0,0,0,0,0,0,0,0,0,1,1,0
C4415,33,27,0000,District - Ramanathapuram  27,Urban,75-79,1932,959,973,1409,736,673,430,173,257,93,50,43,0,0,0,0,0,0,0,0,0,0,0,0
C4415,33,27,0000,District - Ramanathapuram  27,Urban,80+,2363,1061,1302,1667,774,893,582,230,352,113,57,56,0,0,0,0,0,0,0,0,0,0,0,0
C4415,33,27,0000,District - Ramanathapuram  27,Urban,Age not stated,581,286,295,401,205,196,141,60,81,29,14,15,0,0,0,0,0,0,0,0,0,0,0,0
C4415,33,28,0000,District - Thoothukkudi  28,Total,All ages,1572273,766823,805450,1235498,606208,629290,72875,33548,39327,262718,126464,136254,52,31,21,21,13,8,107,52,55,51,30,21
C4415,33,28,0000,District - Thoothukkudi  28,Total,0-4,127967,65318,62649,99740,50989,48751,6354,3232,3122,21778,11045,10733,2,1,1,1,1,0,12,4,8,0,0,0
C4415,33,28,0000,District - Thoothukkudi  28,Total,5-9,144283,73849,70434,112793,57926,54867,7153,3593,3560,24251,12289,11962,1,1,0,1,1,0,10,8,2,4,1,3
C4415,33,28,0000,District - Thoothukkudi  28,Total,10-14,159631,80198,79433,125690,63152,62538,7271,3599,3672,26543,13379,13164,3,3,0,2,1,1,13,5,8,7,3,4
C4415,33,28,0000,District - Thoothukkudi  28,Total,15-19,165959,78720,87239,130491,62326,68165,7634,3405,4229,27717,12935,14782,3,0,3,2,1,1,9,4,5,6,5,1
C4415,33,28,0000,District - Thoothukkudi  28,Total,20-24,143440,66496,76944,111551,52078,59473,6897,2979,3918,24886,11398,13488,6,4,2,4,1,3,16,10,6,2,2,0
C4415,33,28,0000,District - Thoothukkudi  28,Total,25-29,137135,64473,72662,108237,51180,57057,6436,2737,3699,22376,10512,11864,7,6,1,0,0,0,4,2,2,3,2,1
C4415,33,28,0000,District - Thoothukkudi  28,Total,30-34,110656,54020,56636,86535,42648,43887,5366,2432,2934,18684,8899,9785,6,3,3,2,2,0,5,3,2,5,3,2
C4415,33,28,0000,District - Thoothukkudi  28,Total,35-39,113365,54816,58549,89980,43620,46360,5115,2348,2767,18183,8816,9367,3,2,1,2,1,1,8,2,6,2,1,1
C4415,33,28,0000,District - Thoothukkudi  28,Total,40-44,89561,44337,45224,70834,35383,35451,3808,1752,2056,14847,7160,7687,5,3,2,1,1,0,10,6,4,3,1,2
C4415,33,28,0000,District - Thoothukkudi  28,Total,45-49,87753,43038,44715,69534,34379,35155,3743,1679,2064,14417,6943,7474,3,1,2,0,0,0,3,1,2,0,0,0
C4415,33,28,0000,District - Thoothukkudi  28,Total,50-54,70658,35005,35653,55317,27633,27684,3189,1500,1689,12101,5844,6257,3,2,1,3,2,1,2,1,1,2,2,0
C4415,33,28,0000,District - Thoothukkudi  28,Total,55-59,60134,28891,31243,47516,22966,24550,2766,1198,1568,9810,4703,5107,4,1,3,0,0,0,6,4,2,2,2,0
C4415,33,28,0000,District - Thoothukkudi  28,Total,60-64,53081,25525,27556,42095,20439,21656,2258,1067,1191,8695,4004,4691,1,1,0,1,1,0,3,1,2,3,1,2
C4415,33,28,0000,District - Thoothukkudi  28,Total,65-69,39873,18606,21267,31134,14753,16381,1792,741,1051,6912,3092,3820,2,1,1,1,1,0,2,0,2,2,1,1
C4415,33,28,0000,District - Thoothukkudi  28,Total,70-74,29418,14340,15078,23252,11510,11742,1249,523,726,4891,2296,2595,0,0,0,0,0,0,1,0,1,4,3,1
C4415,33,28,0000,District - Thoothukkudi  28,Total,75-79,14570,7280,7290,11217,5709,5508,644,266,378,2702,1301,1401,0,0,0,0,0,0,1,0,1,0,0,0
C4415,33,28,0000,District - Thoothukkudi  28,Total,80+,14772,6909,7863,11582,5469,6113,707,275,432,2462,1156,1306,1,0,1,1,0,1,1,1,0,3,2,1
C4415,33,28,0000,District - Thoothukkudi  28,Total,Age not stated,10017,5002,5015,8000,4048,3952,493,222,271,1463,692,771,2,2,0,0,0,0,1,0,1,3,1,2
C4415,33,28,0000,District - Thoothukkudi  28,Rural,All ages,907500,439254,468246,742247,361169,381078,23593,10730,12863,141027,67059,73968,33,17,16,11,5,6,59,27,32,15,8,7
C4415,33,28,0000,District - Thoothukkudi  28,Rural,0-4,74120,38032,36088,60087,30881,29206,1987,986,1001,11990,6137,5853,1,1,0,0,0,0,9,3,6,0,0,0
C4415,33,28,0000,District - Thoothukkudi  28,Rural,5-9,84943,43680,41263,68896,35515,33381,2330,1189,1141,13669,6958,6711,0,0,0,1,1,0,4,3,1,2,0,2
C4415,33,28,0000,District - Thoothukkudi  28,Rural,10-14,95159,47925,47234,77767,39198,38569,2404,1151,1253,14912,7534,7378,3,3,0,0,0,0,7,2,5,2,1,1
C4415,33,28,0000,District - Thoothukkudi  28,Rural,15-19,97162,45330,51832,79307,37316,41991,2609,1124,1485,15185,6862,8323,3,0,3,2,1,1,3,2,1,0,0,0
C4415,33,28,0000,District - Thoothukkudi  28,Rural,20-24,80837,37366,43471,65508,30453,35055,2206,995,1211,13060,5895,7165,3,3,0,2,0,2,9,6,3,0,0,0
C4415,33,28,0000,District - Thoothukkudi  28,Rural,25-29,75287,35328,39959,61876,29169,32707,1947,833,1114,11422,5304,6118,5,4,1,0,0,0,2,1,1,0,0,0
C4415,33,28,0000,District - Thoothukkudi  28,Rural,30-34,59673,28759,30914,48666,23664,25002,1621,724,897,9348,4352,4996,2,0,2,1,1,0,4,3,1,2,1,1
C4415,33,28,0000,District - Thoothukkudi  28,Rural,35-39,62695,29763,32932,51847,24581,27266,1533,734,799,9262,4432,4830,1,1,0,2,1,1,5,1,4,2,1,1
C4415,33,28,0000,District - Thoothukkudi  28,Rural,40-44,49740,24106,25634,41100,20119,20981,1164,511,653,7442,3455,3987,4,2,2,0,0,0,6,3,3,0,0,0
C4415,33,28,0000,District - Thoothukkudi  28,Rural,45-49,49994,23770,26224,41298,19770,21528,1168,495,673,7497,3489,4008,2,0,2,0,0,0,2,0,2,0,0,0
C4415,33,28,0000,District - Thoothukkudi  28,Rural,50-54,41093,19665,21428,33643,16276,17367,996,448,548,6434,2935,3499,2,1,1,1,0,1,1,0,1,0,0,0
C4415,33,28,0000,District - Thoothukkudi  28,Rural,55-59,36586,17222,19364,30113,14246,15867,926,371,555,5528,2595,2933,4,1,3,0,0,0,1,1,0,0,0,0
C4415,33,28,0000,District - Thoothukkudi  28,Rural,60-64,33323,15977,17346,27527,13281,14246,812,374,438,4965,2314,2651,0,0,0,0,0,0,2,1,1,2,1,1
C4415,33,28,0000,District - Thoothukkudi  28,Rural,65-69,24994,11657,13337,20298,9600,10698,690,277,413,3987,1769,2218,1,0,1,1,1,0,0,0,0,1,0,1
C4415,33,28,0000,District - Thoothukkudi  28,Rural,70-74,18629,9147,9482,15342,7632,7710,466,205,261,2805,1301,1504,0,0,0,0,0,0,1,0,1,3,3,0
C4415,33,28,0000,District - Thoothukkudi  28,Rural,75-79,8889,4531,4358,7159,3675,3484,223,105,118,1504,750,754,0,0,0,0,0,0,1,0,1,0,0,0
C4415,33,28,0000,District - Thoothukkudi  28,Rural,80+,8999,4299,4700,7342,3516,3826,251,106,145,1396,674,722,1,0,1,1,0,1,1,1,0,0,0,0
C4415,33,28,0000,District - Thoothukkudi  28,Rural,Age not stated,5377,2697,2680,4471,2277,2194,260,102,158,621,303,318,1,1,0,0,0,0,1,0,1,1,1,0
C4415,33,28,0000,District - Thoothukkudi  28,Urban,All ages,664773,327569,337204,493251,245039,248212,49282,22818,26464,121691,59405,62286,19,14,5,10,8,2,48,25,23,36,22,14
C4415,33,28,0000,District - Thoothukkudi  28,Urban,0-4,53847,27286,26561,39653,20108,19545,4367,2246,2121,9788,4908,4880,1,0,1,1,1,0,3,1,2,0,0,0
C4415,33,28,0000,District - Thoothukkudi  28,Urban,5-9,59340,30169,29171,43897,22411,21486,4823,2404,2419,10582,5331,5251,1,1,0,0,0,0,6,5,1,2,1,1
C4415,33,28,0000,District - Thoothukkudi  28,Urban,10-14,64472,32273,32199,47923,23954,23969,4867,2448,2419,11631,5845,5786,0,0,0,2,1,1,6,3,3,5,2,3
C4415,33,28,0000,District - Thoothukkudi  28,Urban,15-19,68797,33390,35407,51184,25010,26174,5025,2281,2744,12532,6073,6459,0,0,0,0,0,0,6,2,4,6,5,1
C4415,33,28,0000,District - Thoothukkudi  28,Urban,20-24,62603,29130,33473,46043,21625,24418,4691,1984,2707,11826,5503,6323,3,1,2,2,1,1,7,4,3,2,2,0
C4415,33,28,0000,District - Thoothukkudi  28,Urban,25-29,61848,29145,32703,46361,22011,24350,4489,1904,2585,10954,5208,5746,2,2,0,0,0,0,2,1,1,3,2,1
C4415,33,28,0000,District - Thoothukkudi  28,Urban,30-34,50983,25261,25722,37869,18984,18885,3745,1708,2037,9336,4547,4789,4,3,1,1,1,0,1,0,1,3,2,1
C4415,33,28,0000,District - Thoothukkudi  28,Urban,35-39,50670,25053,25617,38133,19039,19094,3582,1614,1968,8921,4384,4537,2,1,1,0,0,0,3,1,2,0,0,0
C4415,33,28,0000,District - Thoothukkudi  28,Urban,40-44,39821,20231,19590,29734,15264,14470,2644,1241,1403,7405,3705,3700,1,1,0,1,1,0,4,3,1,3,1,2
C4415,33,28,0000,District - Thoothukkudi  28,Urban,45-49,37759,19268,18491,28236,14609,13627,2575,1184,1391,6920,3454,3466,1,1,0,0,0,0,1,1,0,0,0,0
C4415,33,28,0000,District - Thoothukkudi  28,Urban,50-54,29565,15340,14225,21674,11357,10317,2193,1052,1141,5667,2909,2758,1,1,0,2,2,0,1,1,0,2,2,0
C4415,33,28,0000,District - Thoothukkudi  28,Urban,55-59,23548,11669,11879,17403,8720,8683,1840,827,1013,4282,2108,2174,0,0,0,0,0,0,5,3,2,2,2,0
C4415,33,28,0000,District - Thoothukkudi  28,Urban,60-64,19758,9548,10210,14568,7158,7410,1446,693,753,3730,1690,2040,1,1,0,1,1,0,1,0,1,1,0,1
C4415,33,28,0000,District - Thoothukkudi  28,Urban,65-69,14879,6949,7930,10836,5153,5683,1102,464,638,2925,1323,1602,1,1,0,0,0,0,2,0,2,1,1,0
C4415,33,28,0000,District - Thoothukkudi  28,Urban,70-74,10789,5193,5596,7910,3878,4032,783,318,465,2086,995,1091,0,0,0,0,0,0,0,0,0,1,0,1
C4415,33,28,0000,District - Thoothukkudi  28,Urban,75-79,5681,2749,2932,4058,2034,2024,421,161,260,1198,551,647,0,0,0,0,0,0,0,0,0,0,0,0
C4415,33,28,0000,District - Thoothukkudi  28,Urban,80+,5773,2610,3163,4240,1953,2287,456,169,287,1066,482,584,0,0,0,0,0,0,0,0,0,3,2,1
C4415,33,28,0000,District - Thoothukkudi  28,Urban,Age not stated,4640,2305,2335,3529,1771,1758,233,120,113,842,389,453,1,1,0,0,0,0,0,0,0,2,0,2
C4415,33,29,0000,District - Tirunelveli  29,Total,All ages,2723988,1333939,1390049,2172815,1068335,1104480,252235,122597,129638,296578,141783,154795,89,54,35,32,12,20,272,147,125,133,67,66
C4415,33,29,0000,District - Tirunelveli  29,Total,0-4,222302,113356,108946,175347,89282,86065,23466,12180,11286,23296,11799,11497,8,3,5,1,0,1,31,16,15,7,4,3
C4415,33,29,0000,District - Tirunelveli  29,Total,5-9,250904,128350,122554,198317,101409,96908,25232,13105,12127,27198,13752,13446,8,3,5,4,2,2,22,12,10,12,8,4
C4415,33,29,0000,District - Tirunelveli  29,Total,10-14,268636,136788,131848,211337,107686,103651,27057,13808,13249,30054,15185,14869,2,2,0,2,2,0,19,10,9,14,5,9
C4415,33,29,0000,District - Tirunelveli  29,Total,15-19,285602,138832,146770,225380,110343,115037,28169,13422,14747,31784,14920,16864,15,11,4,4,1,3,28,14,14,31,18,13
C4415,33,29,0000,District - Tirunelveli  29,Total,20-24,247681,117942,129739,196093,94070,102023,23912,11219,12693,27201,12431,14770,7,4,3,4,0,4,52,24,28,18,6,12
C4415,33,29,0000,District - Tirunelveli  29,Total,25-29,239238,113073,126165,191999,91613,100386,22431,10162,12269,24673,11220,13453,6,4,2,0,0,0,32,21,11,8,4,4
C4415,33,29,0000,District - Tirunelveli  29,Total,30-34,191913,93563,98350,152774,75118,77656,17698,8347,9351,21338,10044,11294,11,9,2,2,1,1,16,9,7,7,4,3
C4415,33,29,0000,District - Tirunelveli  29,Total,35-39,199578,95801,103777,161158,77658,83500,17714,8291,9423,20600,9809,10791,6,1,5,2,0,2,12,9,3,9,2,7
C4415,33,29,0000,District - Tirunelveli  29,Total,40-44,158867,78799,80068,128045,63883,64162,13336,6554,6782,17397,8320,9077,3,1,2,2,1,1,16,10,6,10,7,3
C4415,33,29,0000,District - Tirunelveli  29,Total,45-49,157715,76875,80840,127949,62688,65261,12803,6114,6689,16879,8029,8850,7,5,2,4,2,2,15,5,10,3,3,0
C4415,33,29,0000,District - Tirunelveli  29,Total,50-54,124357,61478,62879,100504,49874,50630,10014,4936,5078,13766,6634,7132,3,3,0,3,2,1,13,8,5,2,0,2
C4415,33,29,0000,District - Tirunelveli  29,Total,55-59,106390,50759,55631,85809,41137,44672,8904,4195,4709,11612,5396,6216,2,2,0,1,0,1,6,5,1,3,1,2
C4415,33,29,0000,District - Tirunelveli  29,Total,60-64,91844,44374,47470,74551,36106,38445,7249,3579,3670,10009,4666,5343,3,2,1,0,0,0,1,0,1,2,1,1
C4415,33,29,0000,District - Tirunelveli  29,Total,65-69,68419,31726,36693,54901,25507,29394,5575,2641,2934,7903,3565,4338,3,1,2,2,1,1,5,1,4,3,2,1
C4415,33,29,0000,District - Tirunelveli  29,Total,70-74,51928,24540,27388,42239,20011,22228,3968,1855,2113,5698,2658,3040,1,1,0,0,0,0,2,2,0,0,0,0
C4415,33,29,0000,District - Tirunelveli  29,Total,75-79,24889,12208,12681,19847,9733,10114,1936,978,958,3095,1491,1604,2,1,1,0,0,0,1,1,0,1,0,1
C4415,33,29,0000,District - Tirunelveli  29,Total,80+,25774,11284,14490,20373,8966,11407,2187,901,1286,3201,1412,1789,0,0,0,0,0,0,1,0,1,2,1,1
C4415,33,29,0000,District - Tirunelveli  29,Total,Age not stated,7951,4191,3760,6192,3251,2941,584,310,274,874,452,422,2,1,1,1,0,1,0,0,0,1,1,0
C4415,33,29,0000,District - Tirunelveli  29,Rural,All ages,1415742,688797,726945,1188390,580752,607638,41382,19232,22150,184474,88060,96414,50,31,19,20,9,11,37,21,16,105,51,54
C4415,33,29,0000,District - Tirunelveli  29,Rural,0-4,119719,60977,58742,101005,51437,49568,3635,1873,1762,14984,7625,7359,6,3,3,0,0,0,3,1,2,5,3,2
C4415,33,29,0000,District - Tirunelveli  29,Rural,5-9,135797,69449,66348,114089,58380,55709,4043,2072,1971,17560,8944,8616,4,1,3,3,2,1,3,2,1,11,7,4
C4415,33,29,0000,District - Tirunelveli  29,Rural,10-14,142327,72576,69751,118664,60449,58215,4560,2252,2308,18987,9816,9171,1,1,0,2,2,0,5,3,2,12,3,9
C4415,33,29,0000,District - Tirunelveli  29,Rural,15-19,149906,72204,77702,124947,60655,64292,4821,2164,2657,19964,9292,10672,9,7,2,2,1,1,3,2,1,28,15,13
C4415,33,29,0000,District - Tirunelveli  29,Rural,20-24,126712,60094,66618,105674,50432,55242,3694,1621,2073,16977,7864,9113,3,2,1,2,0,2,5,3,2,10,5,5
C4415,33,29,0000,District - Tirunelveli  29,Rural,25-29,122016,57482,64534,103287,49033,54254,3502,1519,1983,15157,6894,8263,4,2,2,0,0,0,4,3,1,5,1,4
C4415,33,29,0000,District - Tirunelveli  29,Rural,30-34,95490,46041,49449,79961,38853,41108,2671,1199,1472,12799,5960,6839,8,7,1,2,1,1,2,0,2,6,3,3
C4415,33,29,0000,District - Tirunelveli  29,Rural,35-39,100757,48054,52703,85533,40994,44539,2814,1210,1604,12337,5821,6516,4,1,3,1,0,1,2,2,0,8,2,6
C4415,33,29,0000,District - Tirunelveli  29,Rural,40-44,79182,38622,40560,66756,32769,33987,2195,1003,1192,10188,4830,5358,0,0,0,1,0,1,1,0,1,7,5,2
C4415,33,29,0000,District - Tirunelveli  29,Rural,45-49,80519,38348,42171,68268,32676,35592,2196,1001,1195,10017,4648,5369,4,3,1,2,1,1,1,1,0,2,2,0
C4415,33,29,0000,District - Tirunelveli  29,Rural,50-54,63520,30650,32870,53579,26034,27545,1687,779,908,8222,3825,4397,0,0,0,1,1,0,4,2,2,2,0,2
C4415,33,29,0000,District - Tirunelveli  29,Rural,55-59,56099,26421,29678,47206,22366,24840,1559,713,846,7306,3331,3975,1,1,0,1,0,1,0,0,0,3,1,2
C4415,33,29,0000,District - Tirunelveli  29,Rural,60-64,48966,23377,25589,41213,19813,21400,1314,617,697,6418,2935,3483,2,1,1,0,0,0,1,0,1,1,1,0
C4415,33,29,0000,District - Tirunelveli  29,Rural,65-69,36331,16786,19545,30111,14012,16099,1048,461,587,5151,2305,2846,2,1,1,2,1,1,1,0,1,2,2,0
C4415,33,29,0000,District - Tirunelveli  29,Rural,70-74,27653,13063,14590,23099,10935,12164,772,343,429,3768,1776,1992,0,0,0,0,0,0,1,1,0,0,0,0
C4415,33,29,0000,District - Tirunelveli  29,Rural,75-79,12920,6363,6557,10554,5210,5344,365,185,180,1998,966,1032,0,0,0,0,0,0,1,1,0,1,0,1
C4415,33,29,0000,District - Tirunelveli  29,Rural,80+,13398,5898,7500,10896,4801,6095,398,160,238,2097,935,1162,0,0,0,0,0,0,0,0,0,1,0,1
C4415,33,29,0000,District - Tirunelveli  29,Rural,Age not stated,4430,2392,2038,3548,1903,1645,108,60,48,544,293,251,2,1,1,1,0,1,0,0,0,1,1,0
C4415,33,29,0000,District - Tirunelveli  29,Urban,All ages,1308246,645142,663104,984425,487583,496842,210853,103365,107488,112104,53723,58381,39,23,16,12,3,9,235,126,109,28,16,12
C4415,33,29,0000,District - Tirunelveli  29,Urban,0-4,102583,52379,50204,74342,37845,36497,19831,10307,9524,8312,4174,4138,2,0,2,1,0,1,28,15,13,2,1,1
C4415,33,29,0000,District - Tirunelveli  29,Urban,5-9,115107,58901,56206,84228,43029,41199,21189,11033,10156,9638,4808,4830,4,2,2,1,0,1,19,10,9,1,1,0
C4415,33,29,0000,District - Tirunelveli  29,Urban,10-14,126309,64212,62097,92673,47237,45436,22497,11556,10941,11067,5369,5698,1,1,0,0,0,0,14,7,7,2,2,0
C4415,33,29,0000,District - Tirunelveli  29,Urban,15-19,135696,66628,69068,100433,49688,50745,23348,11258,12090,11820,5628,6192,6,4,2,2,0,2,25,12,13,3,3,0
C4415,33,29,0000,District - Tirunelveli  29,Urban,20-24,120969,57848,63121,90419,43638,46781,20218,9598,10620,10224,4567,5657,4,2,2,2,0,2,47,21,26,8,1,7
C4415,33,29,0000,District - Tirunelveli  29,Urban,25-29,117222,55591,61631,88712,42580,46132,18929,8643,10286,9516,4326,5190,2,2,0,0,0,0,28,18,10,3,3,0
C4415,33,29,0000,District - Tirunelveli  29,Urban,30-34,96423,47522,48901,72813,36265,36548,15027,7148,7879,8539,4084,4455,3,2,1,0,0,0,14,9,5,1,1,0
C4415,33,29,0000,District - Tirunelveli  29,Urban,35-39,98821,47747,51074,75625,36664,38961,14900,7081,7819,8263,3988,4275,2,0,2,1,0,1,10,7,3,1,0,1
C4415,33,29,0000,District - Tirunelveli  29,Urban,40-44,79685,40177,39508,61289,31114,30175,11141,5551,5590,7209,3490,3719,3,1,2,1,1,0,15,10,5,3,2,1
C4415,33,29,0000,District - Tirunelveli  29,Urban,45-49,77196,38527,38669,59681,30012,29669,10607,5113,5494,6862,3381,3481,3,2,1,2,1,1,14,4,10,1,1,0
C4415,33,29,0000,District - Tirunelveli  29,Urban,50-54,60837,30828,30009,46925,23840,23085,8327,4157,4170,5544,2809,2735,3,3,0,2,1,1,9,6,3,0,0,0
C4415,33,29,0000,District - Tirunelveli  29,Urban,55-59,50291,24338,25953,38603,18771,19832,7345,3482,3863,4306,2065,2241,1,1,0,0,0,0,6,5,1,0,0,0
C4415,33,29,0000,District - Tirunelveli  29,Urban,60-64,42878,20997,21881,33338,16293,17045,5935,2962,2973,3591,1731,1860,1,1,0,0,0,0,0,0,0,1,0,1
C4415,33,29,0000,District - Tirunelveli  29,Urban,65-69,32088,14940,17148,24790,11495,13295,4527,2180,2347,2752,1260,1492,1,0,1,0,0,0,4,1,3,1,0,1
C4415,33,29,0000,District - Tirunelveli  29,Urban,70-74,24275,11477,12798,19140,9076,10064,3196,1512,1684,1930,882,1048,1,1,0,0,0,0,1,1,0,0,0,0
C4415,33,29,0000,District - Tirunelveli  29,Urban,75-79,11969,5845,6124,9293,4523,4770,1571,793,778,1097,525,572,2,1,1,0,0,0,0,0,0,0,0,0
C4415,33,29,0000,District - Tirunelveli  29,Urban,80+,12376,5386,6990,9477,4165,5312,1789,741,1048,1104,477,627,0,0,0,0,0,0,1,0,1,1,1,0
C4415,33,29,0000,District - Tirunelveli  29,Urban,Age not stated,3521,1799,1722,2644,1348,1296,476,250,226,330,159,171,0,0,0,0,0,0,0,0,0,0,0,0
C4415,33,30,0000,District - Kanniyakumari  30,Total,All ages,1676034,832269,843765,859307,429456,429851,70360,34558,35802,745406,367758,377648,31,17,14,26,14,12,77,49,28,113,59,54
C4415,33,30,0000,District - Kanniyakumari  30,Total,0-4,130633,66162,64471,64467,32690,31777,5800,2960,2840,60273,30456,29817,3,1,2,1,1,0,10,8,2,5,3,2
C4415,33,30,0000,District - Kanniyakumari  30,Total,5-9,132701,67587,65114,66995,34241,32754,5599,2887,2712,60046,30423,29623,1,0,1,1,1,0,6,5,1,13,7,6
C4415,33,30,0000,District - Kanniyakumari  30,Total,10-14,155132,78206,76926,76645,38863,37782,6798,3439,3359,71596,35858,35738,5,4,1,2,1,1,10,6,4,15,7,8
C4415,33,30,0000,District - Kanniyakumari  30,Total,15-19,173901,85583,88318,85916,42816,43100,7574,3669,3905,80316,39053,41263,3,3,0,4,2,2,6,4,2,16,6,10
C4415,33,30,0000,District - Kanniyakumari  30,Total,20-24,165621,80857,84764,82465,40473,41992,7696,3684,4012,75374,36656,38718,2,0,2,5,2,3,8,5,3,13,10,3
C4415,33,30,0000,District - Kanniyakumari  30,Total,25-29,154267,74098,80169,79747,38774,40973,6790,3179,3611,67659,32116,35543,1,0,1,2,1,1,3,1,2,9,6,3
C4415,33,30,0000,District - Kanniyakumari  30,Total,30-34,124675,62069,62606,65578,33033,32545,5283,2571,2712,53759,26432,27327,0,0,0,1,0,1,6,3,3,7,3,4
C4415,33,30,0000,District - Kanniyakumari  30,Total,35-39,122994,60188,62806,64254,31740,32514,5042,2445,2597,53635,25975,27660,5,2,3,1,1,0,9,3,6,4,2,2
C4415,33,30,0000,District - Kanniyakumari  30,Total,40-44,101189,50496,50693,52556,26342,26214,3936,1937,1999,44653,22195,22458,3,2,1,0,0,0,4,2,2,4,3,1
C4415,33,30,0000,District - Kanniyakumari  30,Total,45-49,101645,50437,51208,53428,26671,26757,3808,1840,1968,44367,21905,22462,1,1,0,0,0,0,5,5,0,3,0,3
C4415,33,30,0000,District - Kanniyakumari  30,Total,50-54,78205,39082,39123,41262,20785,20477,3007,1504,1503,33895,16773,17122,1,1,0,2,1,1,4,3,1,5,3,2
C4415,33,30,0000,District - Kanniyakumari  30,Total,55-59,67162,33580,33582,35359,17667,17692,2662,1329,1333,29102,14566,14536,1,0,1,3,2,1,1,1,0,4,2,2
C4415,33,30,0000,District - Kanniyakumari  30,Total,60-64,54260,27192,27068,29102,14611,14491,2023,1007,1016,23106,11558,11548,1,1,0,1,1,0,1,0,1,4,1,3
C4415,33,30,0000,District - Kanniyakumari  30,Total,65-69,43808,21311,22497,23780,11582,12198,1718,874,844,18290,8846,9444,1,1,0,1,0,1,3,2,1,3,1,2
C4415,33,30,0000,District - Kanniyakumari  30,Total,70-74,31083,15405,15678,16687,8318,8369,1162,540,622,13217,6543,6674,0,0,0,2,1,1,0,0,0,4,2,2
C4415,33,30,0000,District - Kanniyakumari  30,Total,75-79,18534,9589,8945,10086,5243,4843,685,328,357,7750,4011,3739,0,0,0,0,0,0,0,0,0,1,1,0
C4415,33,30,0000,District - Kanniyakumari  30,Total,80+,16813,8240,8573,8937,4265,4672,651,284,367,7215,3688,3527,1,0,1,0,0,0,0,0,0,2,1,1
C4415,33,30,0000,District - Kanniyakumari  30,Total,Age not stated,3411,2187,1224,2043,1342,701,126,81,45,1153,704,449,2,1,1,0,0,0,1,1,0,1,1,0
C4415,33,30,0000,District - Kanniyakumari  30,Rural,All ages,582107,289516,292591,292264,146020,146244,13985,6814,7171,275562,136522,139040,4,2,2,14,6,8,7,4,3,51,30,21
C4415,33,30,0000,District - Kanniyakumari  30,Rural,0-4,46271,23485,22786,22380,11380,11000,1186,583,603,22670,11500,11170,0,0,0,0,0,0,0,0,0,2,2,0
C4415,33,30,0000,District - Kanniyakumari  30,Rural,5-9,47124,23937,23187,23392,11975,11417,1115,597,518,22604,11357,11247,0,0,0,1,1,0,0,0,0,5,3,2
C4415,33,30,0000,District - Kanniyakumari  30,Rural,10-14,55029,27748,27281,26639,13478,13161,1364,650,714,26994,13601,13393,0,0,0,2,1,1,0,0,0,9,5,4
C4415,33,30,0000,District - Kanniyakumari  30,Rural,15-19,61961,30530,31431,29797,14817,14980,1623,750,873,30510,14948,15562,1,1,0,1,0,1,1,0,1,10,4,6
C4415,33,30,0000,District - Kanniyakumari  30,Rural,20-24,58349,28604,29745,28336,13948,14388,1539,752,787,28437,13883,14554,0,0,0,4,1,3,1,1,0,7,6,1
C4415,33,30,0000,District - Kanniyakumari  30,Rural,25-29,53194,25770,27424,26827,13053,13774,1289,617,672,25056,12089,12967,0,0,0,2,1,1,0,0,0,0,0,0
C4415,33,30,0000,District - Kanniyakumari  30,Rural,30-34,42126,20905,21221,21503,10776,10727,1063,520,543,19548,9602,9946,0,0,0,0,0,0,1,0,1,1,0,1
C4415,33,30,0000,District - Kanniyakumari  30,Rural,35-39,42258,20555,21703,21542,10545,10997,985,469,516,19711,9533,10178,2,1,1,0,0,0,2,1,1,3,2,1
C4415,33,30,0000,District - Kanniyakumari  30,Rural,40-44,34852,17265,17587,17642,8762,8880,770,375,395,16431,8121,8310,0,0,0,0,0,0,0,0,0,3,3,0
C4415,33,30,0000,District - Kanniyakumari  30,Rural,45-49,35263,17448,17815,18306,9034,9272,728,346,382,16214,8064,8150,0,0,0,0,0,0,0,0,0,2,0,2
C4415,33,30,0000,District - Kanniyakumari  30,Rural,50-54,26639,13309,13330,13920,6988,6932,602,292,310,12100,6020,6080,0,0,0,1,0,1,2,2,0,1,1,0
C4415,33,30,0000,District - Kanniyakumari  30,Rural,55-59,22909,11653,11256,11890,6071,5819,510,255,255,10493,5318,5175,0,0,0,2,1,1,0,0,0,2,1,1
C4415,33,30,0000,District - Kanniyakumari  30,Rural,60-64,18319,9271,9048,9658,4877,4781,375,198,177,8282,4194,4088,0,0,0,1,1,0,0,0,0,1,0,1
C4415,33,30,0000,District - Kanniyakumari  30,Rural,65-69,14510,7166,7344,7861,3903,3958,326,177,149,6319,3085,3234,0,0,0,0,0,0,0,0,0,1,0,1
C4415,33,30,0000,District - Kanniyakumari  30,Rural,70-74,10276,5170,5106,5502,2784,2718,211,85,126,4558,2299,2259,0,0,0,0,0,0,0,0,0,2,1,1
C4415,33,30,0000,District - Kanniyakumari  30,Rural,75-79,6075,3112,2963,3299,1700,1599,131,57,74,2642,1354,1288,0,0,0,0,0,0,0,0,0,1,1,0
C4415,33,30,0000,District - Kanniyakumari  30,Rural,80+,5672,2792,2880,3016,1453,1563,136,68,68,2516,1269,1247,0,0,0,0,0,0,0,0,0,1,1,0
C4415,33,30,0000,District - Kanniyakumari  30,Rural,Age not stated,1280,796,484,754,476,278,32,23,9,477,285,192,1,0,1,0,0,0,0,0,0,0,0,0
C4415,33,30,0000,District - Kanniyakumari  30,Urban,All ages,1093927,542753,551174,567043,283436,283607,56375,27744,28631,469844,231236,238608,27,15,12,12,8,4,70,45,25,62,29,33
C4415,33,30,0000,District - Kanniyakumari  30,Urban,0-4,84362,42677,41685,42087,21310,20777,4614,2377,2237,37603,18956,18647,3,1,2,1,1,0,10,8,2,3,1,2
C4415,33,30,0000,District - Kanniyakumari  30,Urban,5-9,85577,43650,41927,43603,22266,21337,4484,2290,2194,37442,19066,18376,1,0,1,0,0,0,6,5,1,8,4,4
C4415,33,30,0000,District - Kanniyakumari  30,Urban,10-14,100103,50458,49645,50006,25385,24621,5434,2789,2645,44602,22257,22345,5,4,1,0,0,0,10,6,4,6,2,4
C4415,33,30,0000,District - Kanniyakumari  30,Urban,15-19,111940,55053,56887,56119,27999,28120,5951,2919,3032,49806,24105,25701,2,2,0,3,2,1,5,4,1,6,2,4
C4415,33,30,0000,District - Kanniyakumari  30,Urban,20-24,107272,52253,55019,54129,26525,27604,6157,2932,3225,46937,22773,24164,2,0,2,1,1,0,7,4,3,6,4,2
C4415,33,30,0000,District - Kanniyakumari  30,Urban,25-29,101073,48328,52745,52920,25721,27199,5501,2562,2939,42603,20027,22576,1,0,1,0,0,0,3,1,2,9,6,3
C4415,33,30,0000,District - Kanniyakumari  30,Urban,30-34,82549,41164,41385,44075,22257,21818,4220,2051,2169,34211,16830,17381,0,0,0,1,0,1,5,3,2,6,3,3
C4415,33,30,0000,District - Kanniyakumari  30,Urban,35-39,80736,39633,41103,42712,21195,21517,4057,1976,2081,33924,16442,17482,3,1,2,1,1,0,7,2,5,1,0,1
C4415,33,30,0000,District - Kanniyakumari  30,Urban,40-44,66337,33231,33106,34914,17580,17334,3166,1562,1604,28222,14074,14148,3,2,1,0,0,0,4,2,2,1,0,1
C4415,33,30,0000,District - Kanniyakumari  30,Urban,45-49,66382,32989,33393,35122,17637,17485,3080,1494,1586,28153,13841,14312,1,1,0,0,0,0,5,5,0,1,0,1
C4415,33,30,0000,District - Kanniyakumari  30,Urban,50-54,51566,25773,25793,27342,13797,13545,2405,1212,1193,21795,10753,11042,1,1,0,1,1,0,2,1,1,4,2,2
C4415,33,30,0000,District - Kanniyakumari  30,Urban,55-59,44253,21927,22326,23469,11596,11873,2152,1074,1078,18609,9248,9361,1,0,1,1,1,0,1,1,0,2,1,1
C4415,33,30,0000,District - Kanniyakumari  30,Urban,60-64,35941,17921,18020,19444,9734,9710,1648,809,839,14824,7364,7460,1,1,0,0,0,0,1,0,1,3,1,2
C4415,33,30,0000,District - Kanniyakumari  30,Urban,65-69,29298,14145,15153,15919,7679,8240,1392,697,695,11971,5761,6210,1,1,0,1,0,1,3,2,1,2,1,1
C4415,33,30,0000,District - Kanniyakumari  30,Urban,70-74,20807,10235,10572,11185,5534,5651,951,455,496,8659,4244,4415,0,0,0,2,1,1,0,0,0,2,1,1
C4415,33,30,0000,District - Kanniyakumari  30,Urban,75-79,12459,6477,5982,6787,3543,3244,554,271,283,5108,2657,2451,0,0,0,0,0,0,0,0,0,0,0,0
C4415,33,30,0000,District - Kanniyakumari  30,Urban,80+,11141,5448,5693,5921,2812,3109,515,216,299,4699,2419,2280,1,0,1,0,0,0,0,0,0,1,0,1
C4415,33,30,0000,District - Kanniyakumari  30,Urban,Age not stated,2131,1391,740,1289,866,423,94,58,36,676,419,257,1,1,0,0,0,0,1,1,0,1,1,0
